   2.0000
   2.0050
   2.0100
   2.0150
   2.0200
   2.0250
   2.0300
   2.0350
   2.0400
   2.0450
   2.0500
   2.0550
   2.0600
   2.0650
   2.0700
   2.0750
   2.0800
   2.0850
   2.0900
   2.0950
   2.1000
   2.1050
   2.1100
   2.1150
   2.1200
   2.1250
   2.1300
   2.1350
   2.1400
   2.1450
   2.1500
   2.1550
   2.1600
   2.1650
   2.1700
   2.1750
   2.1800
   2.1850
   2.1900
   2.1950
   2.2000
   2.2050
   2.2100
   2.2150
   2.2200
   2.2250
   2.2300
   2.2350
   2.2400
   2.2450
   2.2500
   2.2550
   2.2600
   2.2650
   2.2700
   2.2750
   2.2800
   2.2850
   2.2900
   2.2950
   2.3000
   2.3050
   2.3100
   2.3150
   2.3200
   2.3250
   2.3300
   2.3350
   2.3400
   2.3450
   2.3500
   2.3550
   2.3600
   2.3650
   2.3700
   2.3750
   2.3800
   2.3850
   2.3900
   2.3950
   2.4000
   2.4050
   2.4100
   2.4150
   2.4200
   2.4250
   2.4300
   2.4350
   2.4400
   2.4450
   2.4500
   2.4550
   2.4600
   2.4650
   2.4700
   2.4750
   2.4800
   2.4850
   2.4900
   2.4950
   2.5000
   2.5050
   2.5100
   2.5150
   2.5200
   2.5250
   2.5300
   2.5350
   2.5400
   2.5450
   2.5500
   2.5550
   2.5600
   2.5650
   2.5700
   2.5750
   2.5800
   2.5850
   2.5900
   2.5950

     -inf  -1.7455  -1.7453  -1.7454  -1.7453  -1.7454  -1.7453  -1.7454  -1.7454  -1.7454
     -inf  -1.7418  -1.7419  -1.7418  -1.7419  -1.7418  -1.7418  -1.7418  -1.7418  -1.7419
     -inf  -1.7385  -1.7382  -1.7382  -1.7382  -1.7383  -1.7383  -1.7382  -1.7382  -1.7382
     -inf  -1.7344  -1.7344  -1.7347  -1.7345  -1.7346  -1.7346  -1.7345  -1.7345  -1.7345
     -inf  -1.7305  -1.7307  -1.7309  -1.7306  -1.7307  -1.7307  -1.7308  -1.7307  -1.7307
     -inf  -1.7262  -1.7265  -1.7266  -1.7268  -1.7269  -1.7267  -1.7268  -1.7267  -1.7267
     -inf  -1.7234  -1.7236  -1.7231  -1.7231  -1.7231  -1.7230  -1.7230  -1.7231  -1.7231
     -inf  -1.7184  -1.7189  -1.7189  -1.7189  -1.7189  -1.7191  -1.7190  -1.7189  -1.7190
     -inf  -1.7151  -1.7150  -1.7153  -1.7152  -1.7151  -1.7151  -1.7150  -1.7151  -1.7151
     -inf  -1.7111  -1.7109  -1.7110  -1.7108  -1.7109  -1.7109  -1.7109  -1.7110  -1.7109
     -inf  -1.7066  -1.7066  -1.7066  -1.7067  -1.7068  -1.7068  -1.7068  -1.7068  -1.7067
     -inf  -1.7030  -1.7032  -1.7029  -1.7029  -1.7028  -1.7027  -1.7026  -1.7027  -1.7028
     -inf  -1.6986  -1.6989  -1.6985  -1.6984  -1.6982  -1.6983  -1.6984  -1.6984  -1.6984
     -inf  -1.6931  -1.6932  -1.6937  -1.6939  -1.6940  -1.6941  -1.6940  -1.6939  -1.6939
     -inf  -1.6904  -1.6900  -1.6900  -1.6897  -1.6896  -1.6894  -1.6895  -1.6896  -1.6896
     -inf  -1.6845  -1.6846  -1.6844  -1.6846  -1.6849  -1.6849  -1.6850  -1.6850  -1.6850
     -inf  -1.6806  -1.6811  -1.6810  -1.6810  -1.6810  -1.6808  -1.6807  -1.6806  -1.6807
     -inf  -1.6764  -1.6763  -1.6759  -1.6759  -1.6757  -1.6760  -1.6761  -1.6761  -1.6761
     -inf  -1.6711  -1.6707  -1.6714  -1.6715  -1.6716  -1.6717  -1.6716  -1.6716  -1.6714
     -inf  -1.6671  -1.6671  -1.6673  -1.6670  -1.6671  -1.6667  -1.6668  -1.6669  -1.6669
     -inf  -1.6611  -1.6617  -1.6614  -1.6615  -1.6617  -1.6617  -1.6618  -1.6619  -1.6618
     -inf  -1.6567  -1.6574  -1.6575  -1.6575  -1.6575  -1.6572  -1.6573  -1.6571  -1.6572
     -inf  -1.6523  -1.6523  -1.6519  -1.6523  -1.6522  -1.6522  -1.6524  -1.6525  -1.6524
     -inf  -1.6474  -1.6473  -1.6474  -1.6478  -1.6478  -1.6476  -1.6475  -1.6475  -1.6474
     -inf  -1.6436  -1.6434  -1.6431  -1.6429  -1.6428  -1.6426  -1.6426  -1.6428  -1.6428
     -inf  -1.6363  -1.6365  -1.6364  -1.6366  -1.6369  -1.6369  -1.6371  -1.6371  -1.6369
     -inf  -1.6322  -1.6327  -1.6325  -1.6325  -1.6325  -1.6321  -1.6321  -1.6319  -1.6320
     -inf  -1.6269  -1.6276  -1.6266  -1.6262  -1.6261  -1.6262  -1.6264  -1.6264  -1.6267
     -inf  -1.6217  -1.6204  -1.6210  -1.6211  -1.6212  -1.6213  -1.6212  -1.6212  -1.6210
     -inf  -1.6166  -1.6160  -1.6160  -1.6158  -1.6156  -1.6155  -1.6155  -1.6157  -1.6157
     -inf  -1.6092  -1.6092  -1.6090  -1.6095  -1.6098  -1.6098  -1.6098  -1.6097  -1.6098
     -inf  -1.6038  -1.6046  -1.6045  -1.6042  -1.6043  -1.6040  -1.6039  -1.6039  -1.6040
     -inf  -1.5977  -1.5984  -1.5978  -1.5975  -1.5974  -1.5978  -1.5976  -1.5977  -1.5979
     -inf  -1.5926  -1.5908  -1.5918  -1.5915  -1.5916  -1.5920  -1.5919  -1.5920  -1.5919
     -inf  -1.5862  -1.5858  -1.5856  -1.5858  -1.5855  -1.5853  -1.5851  -1.5854  -1.5854
     -inf  -1.5807  -1.5794  -1.5795  -1.5794  -1.5792  -1.5792  -1.5792  -1.5795  -1.5793
     -inf  -1.5734  -1.5737  -1.5740  -1.5740  -1.5740  -1.5735  -1.5733  -1.5732  -1.5732
     -inf  -1.5653  -1.5668  -1.5662  -1.5664  -1.5660  -1.5663  -1.5665  -1.5665  -1.5666
     -inf  -1.5612  -1.5593  -1.5600  -1.5606  -1.5607  -1.5601  -1.5603  -1.5602  -1.5600
     -inf  -1.5553  -1.5548  -1.5553  -1.5558  -1.5549  -1.5550  -1.5546  -1.5545  -1.5546
     -inf  -1.5490  -1.5473  -1.5472  -1.5462  -1.5464  -1.5465  -1.5464  -1.5464  -1.5463
     -inf  -1.5365  -1.5395  -1.5383  -1.5370  -1.5382  -1.5385  -1.5383  -1.5380  -1.5386
     -inf  -1.5302  -1.5331  -1.5325  -1.5321  -1.5313  -1.5320  -1.5321  -1.5319  -1.5322
     -inf  -1.5251  -1.5212  -1.5229  -1.5237  -1.5241  -1.5245  -1.5246  -1.5247  -1.5239
     -inf  -1.5156  -1.5163  -1.5150  -1.5163  -1.5157  -1.5158  -1.5155  -1.5155  -1.5156
     -inf  -1.5143  -1.5122  -1.5111  -1.5092  -1.5104  -1.5109  -1.5108  -1.5113  -1.5112
     -inf  -1.4883  -1.4983  -1.5001  -1.5004  -1.5011  -1.5013  -1.5017  -1.5002  -1.5008
     -inf  -1.4911  -1.4931  -1.4937  -1.4936  -1.4924  -1.4927  -1.4919  -1.4920  -1.4923
     -inf  -1.4826  -1.4844  -1.4837  -1.4852  -1.4858  -1.4858  -1.4861  -1.4859  -1.4860
     -inf  -1.4657  -1.4707  -1.4722  -1.4743  -1.4721  -1.4721  -1.4727  -1.4715  -1.4724
     -inf  -1.4700  -1.4660  -1.4673  -1.4670  -1.4674  -1.4680  -1.4679  -1.4681  -1.4677
     -inf  -1.4399  -1.4444  -1.4515  -1.4523  -1.4540  -1.4548  -1.4561  -1.4546  -1.4535
     -inf  -1.4465  -1.4424  -1.4477  -1.4464  -1.4455  -1.4451  -1.4449  -1.4455  -1.4448
     -inf  -1.4282  -1.4298  -1.4302  -1.4310  -1.4322  -1.4316  -1.4335  -1.4331  -1.4324
     -inf  -1.4301  -1.4201  -1.4219  -1.4229  -1.4237  -1.4230  -1.4216  -1.4230  -1.4219
     -inf  -1.4060  -1.4050  -1.4086  -1.4104  -1.4094  -1.4120  -1.4136  -1.4127  -1.4117
     -inf  -1.3839  -1.3976  -1.4003  -1.3975  -1.3965  -1.3980  -1.3970  -1.3954  -1.3969
     -inf  -1.3755  -1.3790  -1.3815  -1.3836  -1.3840  -1.3833  -1.3823  -1.3822  -1.3814
     -inf  -1.3614  -1.3640  -1.3640  -1.3663  -1.3673  -1.3670  -1.3679  -1.3689  -1.3694
     -inf  -1.3625  -1.3742  -1.3750  -1.3746  -1.3719  -1.3675  -1.3674  -1.3670  -1.3682
     -inf  -1.3512  -1.3560  -1.3503  -1.3515  -1.3550  -1.3524  -1.3532  -1.3537  -1.3521
     -inf  -1.3445  -1.3475  -1.3453  -1.3403  -1.3417  -1.3432  -1.3422  -1.3416  -1.3411
     -inf  -1.3242  -1.3190  -1.3202  -1.3206  -1.3223  -1.3228  -1.3249  -1.3251  -1.3261
     -inf  -1.3047  -1.3121  -1.3163  -1.3185  -1.3201  -1.3219  -1.3229  -1.3228  -1.3227
     -inf  -1.3108  -1.3149  -1.3120  -1.3130  -1.3120  -1.3121  -1.3117  -1.3115  -1.3117
     -inf  -1.3102  -1.3052  -1.3063  -1.3049  -1.3062  -1.3063  -1.3055  -1.3050  -1.3042
     -inf  -1.2936  -1.2960  -1.2965  -1.2945  -1.2942  -1.2956  -1.2947  -1.2941  -1.2940
     -inf  -1.2874  -1.2896  -1.2889  -1.2876  -1.2870  -1.2865  -1.2877  -1.2889  -1.2886
     -inf  -1.2735  -1.2762  -1.2786  -1.2786  -1.2794  -1.2793  -1.2799  -1.2795  -1.2797
     -inf  -1.2736  -1.2715  -1.2723  -1.2726  -1.2718  -1.2720  -1.2722  -1.2721  -1.2720
     -inf  -1.2747  -1.2707  -1.2675  -1.2666  -1.2674  -1.2675  -1.2668  -1.2663  -1.2659
     -inf  -1.2623  -1.2579  -1.2584  -1.2597  -1.2587  -1.2590  -1.2586  -1.2585  -1.2586
     -inf  -1.2530  -1.2527  -1.2526  -1.2522  -1.2522  -1.2526  -1.2535  -1.2531  -1.2531
     -inf  -1.2451  -1.2448  -1.2446  -1.2463  -1.2459  -1.2463  -1.2464  -1.2467  -1.2466
     -inf  -1.2412  -1.2413  -1.2397  -1.2398  -1.2394  -1.2386  -1.2385  -1.2384  -1.2389
     -inf  -1.2354  -1.2357  -1.2337  -1.2331  -1.2328  -1.2327  -1.2329  -1.2329  -1.2329
     -inf  -1.2274  -1.2269  -1.2265  -1.2264  -1.2275  -1.2278  -1.2273  -1.2272  -1.2275
     -inf  -1.2243  -1.2235  -1.2232  -1.2223  -1.2217  -1.2213  -1.2213  -1.2220  -1.2220
     -inf  -1.2166  -1.2143  -1.2141  -1.2143  -1.2141  -1.2140  -1.2143  -1.2146  -1.2145
     -inf  -1.2096  -1.2086  -1.2080  -1.2085  -1.2089  -1.2087  -1.2081  -1.2077  -1.2085
     -inf  -1.2014  -1.2028  -1.2027  -1.2029  -1.2031  -1.2038  -1.2037  -1.2038  -1.2039
     -inf  -1.1978  -1.1980  -1.1976  -1.1988  -1.1985  -1.1987  -1.1984  -1.1984  -1.1982
     -inf  -1.1937  -1.1919  -1.1924  -1.1925  -1.1925  -1.1920  -1.1922  -1.1922  -1.1921
     -inf  -1.1887  -1.1872  -1.1866  -1.1871  -1.1871  -1.1871  -1.1870  -1.1875  -1.1874
     -inf  -1.1825  -1.1829  -1.1821  -1.1819  -1.1826  -1.1820  -1.1819  -1.1818  -1.1818
     -inf  -1.1767  -1.1794  -1.1781  -1.1773  -1.1774  -1.1773  -1.1773  -1.1771  -1.1773
     -inf  -1.1716  -1.1717  -1.1719  -1.1718  -1.1716  -1.1717  -1.1715  -1.1712  -1.1713
     -inf  -1.1680  -1.1659  -1.1670  -1.1667  -1.1665  -1.1664  -1.1663  -1.1663  -1.1662
     -inf  -1.1630  -1.1623  -1.1613  -1.1613  -1.1613  -1.1609  -1.1610  -1.1610  -1.1608
     -inf  -1.1564  -1.1562  -1.1556  -1.1557  -1.1561  -1.1559  -1.1557  -1.1558  -1.1556
     -inf  -1.1494  -1.1504  -1.1507  -1.1510  -1.1511  -1.1511  -1.1513  -1.1510  -1.1513
     -inf  -1.1471  -1.1468  -1.1468  -1.1467  -1.1467  -1.1468  -1.1466  -1.1464  -1.1465
     -inf  -1.1414  -1.1417  -1.1421  -1.1424  -1.1420  -1.1419  -1.1419  -1.1419  -1.1417
     -inf  -1.1390  -1.1374  -1.1370  -1.1369  -1.1374  -1.1371  -1.1370  -1.1371  -1.1371
     -inf  -1.1330  -1.1327  -1.1318  -1.1321  -1.1324  -1.1325  -1.1325  -1.1326  -1.1327
     -inf  -1.1279  -1.1285  -1.1282  -1.1279  -1.1279  -1.1279  -1.1280  -1.1279  -1.1280
     -inf  -1.1209  -1.1221  -1.1229  -1.1233  -1.1232  -1.1233  -1.1236  -1.1234  -1.1237
     -inf  -1.1200  -1.1198  -1.1200  -1.1199  -1.1196  -1.1193  -1.1194  -1.1197  -1.1195
     -inf  -1.1141  -1.1144  -1.1142  -1.1142  -1.1145  -1.1142  -1.1141  -1.1142  -1.1141
     -inf  -1.1097  -1.1105  -1.1104  -1.1104  -1.1105  -1.1104  -1.1102  -1.1101  -1.1103
     -inf  -1.1049  -1.1059  -1.1059  -1.1062  -1.1063  -1.1062  -1.1062  -1.1059  -1.1059
     -inf  -1.1032  -1.1026  -1.1029  -1.1026  -1.1021  -1.1023  -1.1022  -1.1020  -1.1019
     -inf  -1.0982  -1.0966  -1.0968  -1.0968  -1.0966  -1.0968  -1.0969  -1.0971  -1.0971
     -inf  -1.0943  -1.0926  -1.0928  -1.0931  -1.0930  -1.0932  -1.0930  -1.0930  -1.0929
     -inf  -1.0889  -1.0889  -1.0893  -1.0892  -1.0894  -1.0892  -1.0890  -1.0890  -1.0891
     -inf  -1.0837  -1.0845  -1.0845  -1.0846  -1.0843  -1.0845  -1.0847  -1.0843  -1.0846
     -inf  -1.0795  -1.0796  -1.0804  -1.0806  -1.0803  -1.0805  -1.0806  -1.0805  -1.0806
     -inf  -1.0776  -1.0771  -1.0772  -1.0774  -1.0771  -1.0773  -1.0772  -1.0772  -1.0771
     -inf  -1.0737  -1.0730  -1.0724  -1.0725  -1.0728  -1.0728  -1.0725  -1.0726  -1.0724
     -inf  -1.0687  -1.0684  -1.0691  -1.0688  -1.0687  -1.0685  -1.0685  -1.0685  -1.0686
     -inf  -1.0643  -1.0649  -1.0647  -1.0647  -1.0647  -1.0648  -1.0649  -1.0648  -1.0650
     -inf  -1.0607  -1.0608  -1.0609  -1.0614  -1.0612  -1.0613  -1.0614  -1.0613  -1.0613
     -inf  -1.0584  -1.0577  -1.0577  -1.0579  -1.0577  -1.0577  -1.0575  -1.0576  -1.0576
     -inf  -1.0550  -1.0544  -1.0537  -1.0535  -1.0539  -1.0538  -1.0538  -1.0538  -1.0537
     -inf  -1.0510  -1.0514  -1.0511  -1.0504  -1.0503  -1.0502  -1.0501  -1.0501  -1.0500
     -inf  -1.0466  -1.0470  -1.0472  -1.0467  -1.0465  -1.0466  -1.0466  -1.0465  -1.0464
     -inf  -1.0429  -1.0429  -1.0426  -1.0427  -1.0427  -1.0427  -1.0429  -1.0427  -1.0428
     -inf  -1.0404  -1.0391  -1.0388  -1.0391  -1.0388  -1.0386  -1.0386  -1.0387  -1.0388
     -inf  -1.0361  -1.0360  -1.0358  -1.0355  -1.0356  -1.0353  -1.0351  -1.0352  -1.0352
     -inf  -1.0309  -1.0319  -1.0321  -1.0317  -1.0318  -1.0318  -1.0318  -1.0318  -1.0319

          inf   9.1120e-01   9.1110e-01   9.1116e-01   9.1110e-01   9.1119e-01   9.1119e-01   9.1120e-01   9.1117e-01   9.1117e-01
          inf   9.0965e-01   9.0962e-01   9.0961e-01   9.0975e-01   9.0958e-01   9.0963e-01   9.0963e-01   9.0963e-01   9.0965e-01
          inf   9.0837e-01   9.0788e-01   9.0786e-01   9.0792e-01   9.0796e-01   9.0798e-01   9.0795e-01   9.0797e-01   9.0795e-01
          inf   9.0621e-01   9.0619e-01   9.0638e-01   9.0632e-01   9.0641e-01   9.0634e-01   9.0626e-01   9.0626e-01   9.0630e-01
          inf   9.0441e-01   9.0473e-01   9.0473e-01   9.0448e-01   9.0455e-01   9.0455e-01   9.0458e-01   9.0454e-01   9.0458e-01
          inf   9.0171e-01   9.0206e-01   9.0222e-01   9.0251e-01   9.0256e-01   9.0250e-01   9.0259e-01   9.0250e-01   9.0248e-01
          inf   9.0129e-01   9.0135e-01   9.0104e-01   9.0108e-01   9.0099e-01   9.0091e-01   9.0091e-01   9.0098e-01   9.0101e-01
          inf   8.9860e-01   8.9880e-01   8.9883e-01   8.9880e-01   8.9885e-01   8.9898e-01   8.9888e-01   8.9889e-01   8.9890e-01
          inf   8.9698e-01   8.9709e-01   8.9723e-01   8.9706e-01   8.9705e-01   8.9706e-01   8.9697e-01   8.9701e-01   8.9704e-01
          inf   8.9509e-01   8.9503e-01   8.9513e-01   8.9480e-01   8.9485e-01   8.9495e-01   8.9493e-01   8.9494e-01   8.9493e-01
          inf   8.9251e-01   8.9249e-01   8.9267e-01   8.9271e-01   8.9283e-01   8.9281e-01   8.9285e-01   8.9281e-01   8.9278e-01
          inf   8.9114e-01   8.9129e-01   8.9111e-01   8.9112e-01   8.9089e-01   8.9086e-01   8.9077e-01   8.9084e-01   8.9088e-01
          inf   8.8899e-01   8.8906e-01   8.8868e-01   8.8858e-01   8.8843e-01   8.8840e-01   8.8853e-01   8.8859e-01   8.8861e-01
          inf   8.8526e-01   8.8539e-01   8.8578e-01   8.8603e-01   8.8621e-01   8.8630e-01   8.8625e-01   8.8614e-01   8.8611e-01
          inf   8.8404e-01   8.8422e-01   8.8428e-01   8.8384e-01   8.8385e-01   8.8375e-01   8.8376e-01   8.8381e-01   8.8384e-01
          inf   8.8039e-01   8.8078e-01   8.8064e-01   8.8078e-01   8.8104e-01   8.8117e-01   8.8133e-01   8.8129e-01   8.8123e-01
          inf   8.7883e-01   8.7945e-01   8.7938e-01   8.7951e-01   8.7945e-01   8.7916e-01   8.7899e-01   8.7890e-01   8.7905e-01
          inf   8.7678e-01   8.7653e-01   8.7614e-01   8.7620e-01   8.7600e-01   8.7631e-01   8.7640e-01   8.7647e-01   8.7643e-01
          inf   8.7397e-01   8.7315e-01   8.7397e-01   8.7396e-01   8.7416e-01   8.7423e-01   8.7409e-01   8.7414e-01   8.7391e-01
          inf   8.7149e-01   8.7197e-01   8.7200e-01   8.7172e-01   8.7188e-01   8.7150e-01   8.7158e-01   8.7163e-01   8.7165e-01
          inf   8.6765e-01   8.6855e-01   8.6799e-01   8.6799e-01   8.6830e-01   8.6834e-01   8.6852e-01   8.6858e-01   8.6856e-01
          inf   8.6556e-01   8.6606e-01   8.6646e-01   8.6652e-01   8.6635e-01   8.6591e-01   8.6612e-01   8.6589e-01   8.6603e-01
          inf   8.6355e-01   8.6311e-01   8.6272e-01   8.6326e-01   8.6310e-01   8.6315e-01   8.6336e-01   8.6348e-01   8.6334e-01
          inf   8.6085e-01   8.6051e-01   8.6045e-01   8.6080e-01   8.6099e-01   8.6071e-01   8.6049e-01   8.6057e-01   8.6049e-01
          inf   8.5860e-01   8.5878e-01   8.5838e-01   8.5807e-01   8.5799e-01   8.5775e-01   8.5774e-01   8.5793e-01   8.5796e-01
          inf   8.5245e-01   8.5316e-01   8.5325e-01   8.5340e-01   8.5354e-01   8.5373e-01   8.5413e-01   8.5391e-01   8.5382e-01
          inf   8.5147e-01   8.5187e-01   8.5166e-01   8.5181e-01   8.5155e-01   8.5097e-01   8.5092e-01   8.5079e-01   8.5094e-01
          inf   8.4868e-01   8.4907e-01   8.4730e-01   8.4676e-01   8.4661e-01   8.4678e-01   8.4697e-01   8.4714e-01   8.4744e-01
          inf   8.4467e-01   8.4322e-01   8.4400e-01   8.4390e-01   8.4414e-01   8.4411e-01   8.4400e-01   8.4407e-01   8.4379e-01
          inf   8.4145e-01   8.4123e-01   8.4103e-01   8.4045e-01   8.4027e-01   8.4015e-01   8.4022e-01   8.4041e-01   8.4051e-01
          inf   8.3410e-01   8.3525e-01   8.3511e-01   8.3601e-01   8.3626e-01   8.3634e-01   8.3618e-01   8.3597e-01   8.3615e-01
          inf   8.3287e-01   8.3361e-01   8.3316e-01   8.3255e-01   8.3252e-01   8.3221e-01   8.3208e-01   8.3209e-01   8.3231e-01
          inf   8.2932e-01   8.2852e-01   8.2753e-01   8.2644e-01   8.2671e-01   8.2734e-01   8.2699e-01   8.2721e-01   8.2741e-01
          inf   8.2382e-01   8.2212e-01   8.2331e-01   8.2241e-01   8.2265e-01   8.2333e-01   8.2296e-01   8.2329e-01   8.2302e-01
          inf   8.1889e-01   8.1890e-01   8.1840e-01   8.1822e-01   8.1793e-01   8.1754e-01   8.1747e-01   8.1783e-01   8.1780e-01
          inf   8.1449e-01   8.1235e-01   8.1300e-01   8.1277e-01   8.1267e-01   8.1274e-01   8.1278e-01   8.1304e-01   8.1284e-01
          inf   8.0881e-01   8.0881e-01   8.0984e-01   8.0988e-01   8.0947e-01   8.0860e-01   8.0813e-01   8.0807e-01   8.0814e-01
          inf   8.0004e-01   8.0254e-01   8.0140e-01   8.0197e-01   8.0164e-01   8.0194e-01   8.0224e-01   8.0220e-01   8.0233e-01
          inf   8.0024e-01   7.9642e-01   7.9760e-01   7.9861e-01   7.9905e-01   7.9738e-01   7.9749e-01   7.9755e-01   7.9713e-01
          inf   7.9323e-01   7.9444e-01   7.9564e-01   7.9635e-01   7.9481e-01   7.9510e-01   7.9420e-01   7.9386e-01   7.9423e-01
          inf   7.9014e-01   7.8717e-01   7.8712e-01   7.8504e-01   7.8488e-01   7.8482e-01   7.8459e-01   7.8450e-01   7.8455e-01
          inf   7.6895e-01   7.7738e-01   7.7053e-01   7.6877e-01   7.7223e-01   7.7351e-01   7.7351e-01   7.7292e-01   7.7446e-01
          inf   7.6986e-01   7.7452e-01   7.7302e-01   7.7148e-01   7.6997e-01   7.7134e-01   7.7098e-01   7.7089e-01   7.7163e-01
          inf   7.6075e-01   7.5024e-01   7.5637e-01   7.5842e-01   7.6071e-01   7.6230e-01   7.6220e-01   7.6238e-01   7.5969e-01
          inf   7.4303e-01   7.4919e-01   7.4877e-01   7.5196e-01   7.4928e-01   7.5032e-01   7.4980e-01   7.4902e-01   7.4941e-01
          inf   7.5753e-01   7.5416e-01   7.5112e-01   7.4706e-01   7.5006e-01   7.5133e-01   7.5202e-01   7.5288e-01   7.5262e-01
          inf   6.9428e-01   7.2498e-01   7.3077e-01   7.3283e-01   7.3555e-01   7.3631e-01   7.3750e-01   7.3298e-01   7.3430e-01
          inf   7.2292e-01   7.2915e-01   7.3051e-01   7.2972e-01   7.2782e-01   7.2843e-01   7.2600e-01   7.2574e-01   7.2680e-01
          inf   7.1138e-01   7.1618e-01   7.1408e-01   7.1650e-01   7.1853e-01   7.1961e-01   7.2037e-01   7.1977e-01   7.1990e-01
          inf   3.4844e-01  -1.7601e-01  -3.5235e-01  -4.4298e-01  -4.8211e-01  -5.1797e-01  -5.4486e-01  -5.4927e-01  -4.0906e-01
          inf   6.9822e-01   6.8437e-01   6.9156e-01   6.9223e-01   6.9260e-01   6.9430e-01   6.9548e-01   6.9570e-01   6.9388e-01
          inf   5.9930e-01   1.6611e-01  -1.2429e-01  -2.5874e-01  -3.4463e-01  -4.0133e-01  -4.4401e-01  -4.6483e-01  -4.0679e-01
          inf   6.5706e-01   6.3730e-01   6.5703e-01   6.5333e-01   6.5085e-01   6.4910e-01   6.4803e-01   6.5066e-01   6.4780e-01
          inf   5.8156e-01   6.0242e-01   6.0765e-01   6.0883e-01   6.1521e-01   6.1040e-01   6.1904e-01   6.1578e-01   6.1433e-01
          inf   6.2573e-01   2.6573e-01  -2.7071e-02  -1.7352e-01  -2.6464e-01  -3.1795e-01  -3.5356e-01  -3.8877e-01  -3.5569e-01
         -inf   5.2270e-01   2.9994e-01  -3.5321e-03  -1.5540e-01  -2.3358e-01  -2.9975e-01  -3.4748e-01  -3.6965e-01  -3.5759e-01
         -inf  -4.1452e-01  -5.1350e-01  -5.3644e-01  -5.2619e-01  -4.4214e-01  -2.7162e-01  -1.6439e-01  -9.2142e-02  -1.4461e-02
          inf  -1.5459e-01  -2.7346e-01  -3.3835e-01  -3.8966e-01  -4.1291e-01  -2.9844e-01  -2.3588e-01  -2.0740e-01  -2.2370e-01
         -inf  -3.3085e-01  -7.8781e-02   4.0027e-02   1.4285e-01   1.8725e-01   8.9136e-02   1.2939e-01   1.7083e-01   1.4523e-01
          inf  -2.0799e-01  -3.8675e-01  -4.3113e-01  -3.9370e-01  -2.3004e-01  -1.9300e-01  -2.3090e-01  -2.4991e-01  -2.7123e-01
         -inf  -1.9771e-01   1.3909e-01   9.5694e-02   3.3307e-02  -7.6922e-02  -8.2936e-02  -1.3561e-01  -1.7234e-01  -1.8514e-01
         -inf  -1.7938e-01  -2.5074e-01  -7.1065e-02  -5.6549e-02  -1.2268e-01  -1.6131e-01  -1.6531e-01  -1.3037e-01  -1.2986e-01
         -inf  -2.3299e-01  -1.6304e-01  -1.1095e-01  -6.8304e-02  -3.6968e-02  -5.6219e-02  -5.3438e-03  -2.1134e-02  -3.5535e-02
         -inf   5.4313e-02   1.9675e-01   1.8984e-01   5.1291e-02   5.9598e-02   4.0956e-02   1.3865e-02   2.0836e-02  -7.8016e-03
          inf   2.7343e-01   3.3948e-03   3.9556e-02  -4.5900e-02  -3.7169e-03   2.4148e-02   5.4950e-02   6.8722e-02   4.2462e-02
         -inf  -3.3690e-01  -1.3512e-01  -1.2460e-01  -1.2309e-01  -1.0647e-01  -7.7451e-02  -8.1644e-02  -4.5093e-02  -2.4248e-02
         -inf  -1.1171e-02   9.2968e-02   5.4611e-02   4.8161e-02   3.7845e-02   2.2421e-02  -1.2306e-04  -2.0505e-02  -1.7977e-02
          inf   1.5564e-02  -5.5420e-02  -7.4719e-02  -5.6675e-02  -6.1758e-02  -3.9066e-02   4.4797e-03   2.9732e-02   1.8760e-02
         -inf  -4.6875e-02  -6.5765e-02   2.1437e-02   8.4796e-03   8.0388e-03   1.6895e-02   5.9660e-03   2.6333e-02   4.7957e-03
          inf   4.3584e-02   1.5091e-03   4.7981e-04  -2.1487e-02  -2.2902e-02  -1.6529e-02  -3.8812e-03  -8.2783e-03  -2.1080e-02
         -inf   1.4567e-01   7.1305e-02   7.2569e-02   7.0097e-02   4.9919e-02   5.0562e-02   3.5354e-02   3.3235e-02   3.4767e-02
         -inf  -1.3812e-01  -5.0016e-02  -1.9422e-02   5.3961e-03   5.4073e-03  -3.7339e-03  -1.4907e-02  -1.8466e-02  -6.5365e-03
         -inf  -1.4391e-01  -2.0719e-02  -2.2639e-02  -3.3031e-02  -1.7353e-02  -2.9467e-02  -4.6283e-02  -4.2234e-02  -3.9633e-02
          inf   5.6977e-02   3.0701e-02   3.5256e-03  -9.8006e-03   8.1998e-03   1.0923e-02   1.2352e-02   8.0624e-03   7.9193e-03
         -inf  -4.2936e-03  -1.3756e-02  -1.5309e-02  -1.9447e-02  -1.7140e-02  -1.3332e-02  -5.3734e-03  -4.3855e-03  -1.5793e-02
         -inf  -3.9434e-02  -7.1455e-02  -3.2449e-02  -2.1671e-02  -3.6557e-02  -3.1606e-02  -2.6050e-02  -2.0401e-02  -1.6247e-02
         -inf  -5.4915e-02  -5.7172e-02  -4.7403e-02  -1.1063e-02   2.7215e-03   1.5806e-03  -1.8965e-03  -3.5378e-03  -1.3926e-02
          inf  -6.8147e-02  -2.8422e-02  -3.6557e-03  -9.4030e-03  -1.1372e-02  -1.1848e-02  -7.1968e-03  -7.6087e-03  -2.4598e-03
         -inf  -8.2573e-02  -4.8615e-02  -4.4881e-02  -2.1597e-02  -2.0666e-02  -1.6226e-02  -1.0476e-02  -3.3914e-03   1.1931e-03
          inf   3.1627e-02   1.5977e-02   1.2636e-02   1.8851e-02   1.4235e-02   1.1383e-02   6.0727e-03   5.7708e-03   8.2896e-03
          inf  -3.8663e-02  -2.2127e-02  -1.4326e-02  -3.5560e-03  -5.4714e-03  -9.8678e-03  -8.8921e-03  -8.0681e-03  -5.3838e-03
          inf   1.7847e-02   1.0364e-02   3.1217e-03   8.8991e-03   3.7177e-03  -6.1564e-03  -6.5207e-03  -4.1230e-03  -6.4244e-03
          inf  -5.5633e-02  -4.6459e-03   1.7052e-03   2.0677e-03   2.7388e-03   5.1972e-03   2.0103e-03  -1.8166e-03   2.1810e-03
         -inf   4.3091e-02   4.4970e-02   3.0860e-02   3.0488e-02   3.0692e-02   2.1373e-02   2.1778e-02   1.8346e-02   1.7676e-02
          inf   2.7475e-03  -9.2691e-03  -9.5904e-03  -4.6256e-03  -8.2887e-03  -4.3891e-03  -4.6201e-03  -2.3216e-03  -6.2020e-04
          inf   1.5821e-03  -8.7208e-03   7.5922e-05  -5.1061e-03  -5.7676e-03  -8.6781e-03  -9.6757e-03  -1.0108e-02  -8.3205e-03
          inf   3.1313e-02   3.2119e-02   2.8088e-02   1.9631e-02   1.7074e-02   1.4523e-02   1.7336e-02   1.0545e-02   9.5517e-03
          inf   1.1228e-02   1.2640e-02   2.4298e-02   1.2230e-02   6.5400e-03   1.0074e-02   6.5390e-03   4.4698e-03   5.5462e-03
         -inf   1.5660e-02  -9.2501e-05  -4.4401e-03  -2.2484e-03   9.1502e-04   6.8403e-03   5.5183e-03   4.6147e-03   3.8508e-03
          inf  -3.8335e-03  -5.8762e-03  -4.4799e-03  -6.9838e-03  -6.2153e-03  -7.6183e-03  -7.8344e-03  -6.3039e-03  -5.6987e-03
          inf   3.5947e-03  -3.8395e-03  -1.5376e-02  -1.8568e-02  -1.4171e-02  -8.4397e-03  -8.5886e-03  -7.0031e-03  -2.8718e-03
          inf   3.5011e-03   4.4081e-03   1.0252e-02   1.6887e-02   2.1103e-02   1.7749e-02   1.6670e-02   1.6848e-02   1.5895e-02
          inf  -1.0568e-02   6.6956e-03  -3.5597e-03  -6.0071e-03   1.0193e-03   2.3525e-04  -4.2967e-03  -2.8834e-03  -3.6327e-03
          inf  -1.7001e-03  -3.7167e-03   1.2697e-03  -1.8393e-03  -6.0903e-03  -3.9573e-03  -7.0314e-04  -3.2240e-03  -4.0623e-03
         -inf   1.2991e-02   7.3638e-03   7.5944e-03   1.2866e-03   2.8111e-03   3.4705e-03   2.1571e-04  -1.3910e-03   3.0936e-04
         -inf   6.6493e-03   1.7778e-03   1.5821e-04   9.9912e-04  -6.1791e-04  -1.3808e-03   2.6376e-04  -3.5149e-04   2.7354e-04
          inf   1.7640e-02   3.5341e-03   8.6304e-03   1.7203e-03   4.8439e-03   3.8927e-03   2.1104e-03  -5.3723e-04   2.7354e-04
         -inf   3.1473e-02   1.1819e-02   7.8476e-03   5.4067e-03   4.9320e-03   4.8218e-03   5.0154e-03   5.4260e-03   5.0386e-03
         -inf  -2.2785e-02  -1.5809e-02  -9.9487e-03  -7.2910e-03  -8.8919e-03  -9.2634e-03  -6.4781e-03  -4.3322e-03  -2.2419e-03
          inf  -5.2534e-03  -4.0255e-03   2.4411e-04  -2.9809e-03  -2.9754e-03  -3.6821e-03  -4.1074e-03  -2.8355e-03  -2.6799e-03
          inf  -1.6432e-02  -8.5598e-03  -3.0625e-03  -8.5463e-03  -7.0557e-03  -6.4915e-03  -6.0230e-03  -3.6430e-03  -3.2055e-03
          inf   4.4337e-03   3.8930e-03  -3.0361e-03  -2.0205e-03  -1.6048e-03   6.4616e-04  -8.0641e-04  -4.5623e-04  -1.0764e-03
          inf  -2.6755e-03  -3.7444e-03  -4.9382e-05  -9.0900e-04  -1.7245e-03  -4.5412e-03  -4.3487e-03  -4.8810e-03  -5.5380e-03
          inf  -2.2516e-04   2.7019e-03   9.3357e-04   4.7161e-03   4.0541e-03   2.2103e-03   3.6592e-03   2.8490e-03   5.0192e-03
          inf   1.6141e-03  -1.1824e-03  -8.3809e-04   3.1092e-03   5.2717e-04   9.5804e-04   1.9178e-03   2.6252e-03   2.8162e-03
         -inf  -1.5923e-03  -8.7160e-03  -6.4367e-03  -4.4395e-03  -1.9944e-03   8.5850e-04   4.4241e-04  -1.2901e-03  -1.5496e-03
          inf  -2.7719e-03  -3.3327e-03   2.3457e-03   4.4625e-03   4.1804e-03   3.3939e-03   3.3386e-03   4.1560e-04   1.0346e-03
         -inf   2.7922e-03  -3.6820e-03  -2.4409e-04  -3.1308e-03  -1.1487e-03  -1.2086e-03  -1.7601e-03  -1.3572e-03  -1.9558e-03
          inf   7.6052e-04  -6.4001e-03   3.1677e-03   1.3524e-03  -1.9933e-03  -2.1108e-03  -6.9340e-04  -6.3640e-04  -2.3087e-03
         -inf   1.1341e-02   4.7803e-03   6.2030e-03   6.2910e-03   3.3904e-03   1.2056e-03   3.3583e-04   1.1116e-03   2.0455e-03
          inf   2.4958e-03  -2.2881e-03  -2.4105e-03  -1.8667e-03   1.2468e-03  -5.3491e-04   3.0336e-04   1.6006e-03   2.0392e-03
         -inf  -1.4093e-03   5.2331e-05  -1.1610e-03  -3.1130e-03  -3.6767e-03  -4.2104e-03  -4.1614e-03  -3.4811e-03  -4.4784e-03
         -inf  -4.9315e-03  -2.5800e-03  -1.9867e-03   8.4283e-05   2.5770e-04   1.8378e-03   1.1361e-03   1.7575e-03   9.3948e-04
          inf  -6.8851e-03   8.9472e-04  -2.1662e-04  -8.3263e-04  -6.4593e-04  -5.3081e-04  -2.1263e-03  -2.0332e-03  -1.0939e-03
         -inf   3.6111e-03   5.0794e-03   5.9904e-03   7.5821e-04  -7.9072e-04  -1.1839e-03  -8.4870e-04  -1.4885e-03  -1.5487e-03
         -inf   8.0231e-04   5.6836e-03   1.3411e-03   3.0549e-03   1.8740e-03   1.8341e-03   1.5913e-03   2.2391e-03   1.5629e-03
          inf   4.6089e-03   8.2288e-03   5.0295e-03   3.7533e-03   2.9784e-03   2.0874e-03   3.2419e-03   2.2070e-03   1.6498e-03
          inf  -5.1064e-03   6.5533e-03   5.4597e-03   4.4957e-03   1.0246e-03   5.9252e-05   1.9054e-03   7.3789e-04  -1.4702e-04
          inf  -1.2625e-02  -7.5097e-03  -7.6965e-03  -4.7596e-03  -6.2420e-03  -5.3527e-03  -4.9606e-03  -3.5064e-03  -2.0089e-03
         -inf   8.9398e-03   3.6246e-03  -9.4665e-04  -1.1586e-03  -3.1641e-03  -3.3124e-03  -3.3310e-03  -2.2261e-03  -2.9791e-03

      inf   0.9112   0.9111   0.9112   0.9111   0.9112   0.9112   0.9112   0.9112   0.9112
      inf   0.9097   0.9096   0.9096   0.9098   0.9096   0.9096   0.9096   0.9096   0.9097
      inf   0.9084   0.9079   0.9079   0.9079   0.9080   0.9080   0.9080   0.9080   0.9080
      inf   0.9062   0.9062   0.9064   0.9063   0.9064   0.9063   0.9063   0.9063   0.9063
      inf   0.9044   0.9047   0.9047   0.9045   0.9045   0.9045   0.9046   0.9045   0.9046
      inf   0.9017   0.9021   0.9022   0.9025   0.9026   0.9025   0.9026   0.9025   0.9025
      inf   0.9013   0.9013   0.9010   0.9011   0.9010   0.9009   0.9009   0.9010   0.9010
      inf   0.8986   0.8988   0.8988   0.8988   0.8988   0.8990   0.8989   0.8989   0.8989
      inf   0.8970   0.8971   0.8972   0.8971   0.8970   0.8971   0.8970   0.8970   0.8970
      inf   0.8951   0.8950   0.8951   0.8948   0.8949   0.8950   0.8949   0.8949   0.8949
      inf   0.8925   0.8925   0.8927   0.8927   0.8928   0.8928   0.8928   0.8928   0.8928
      inf   0.8911   0.8913   0.8911   0.8911   0.8909   0.8909   0.8908   0.8908   0.8909
      inf   0.8890   0.8891   0.8887   0.8886   0.8884   0.8884   0.8885   0.8886   0.8886
      inf   0.8853   0.8854   0.8858   0.8860   0.8862   0.8863   0.8863   0.8861   0.8861
      inf   0.8840   0.8842   0.8843   0.8838   0.8838   0.8837   0.8838   0.8838   0.8838
      inf   0.8804   0.8808   0.8806   0.8808   0.8810   0.8812   0.8813   0.8813   0.8812
      inf   0.8788   0.8794   0.8794   0.8795   0.8794   0.8792   0.8790   0.8789   0.8790
      inf   0.8768   0.8765   0.8761   0.8762   0.8760   0.8763   0.8764   0.8765   0.8764
      inf   0.8740   0.8732   0.8740   0.8740   0.8742   0.8742   0.8741   0.8741   0.8739
      inf   0.8715   0.8720   0.8720   0.8717   0.8719   0.8715   0.8716   0.8716   0.8717
      inf   0.8676   0.8686   0.8680   0.8680   0.8683   0.8683   0.8685   0.8686   0.8686
      inf   0.8656   0.8661   0.8665   0.8665   0.8664   0.8659   0.8661   0.8659   0.8660
      inf   0.8636   0.8631   0.8627   0.8633   0.8631   0.8631   0.8634   0.8635   0.8633
      inf   0.8609   0.8605   0.8605   0.8608   0.8610   0.8607   0.8605   0.8606   0.8605
      inf   0.8586   0.8588   0.8584   0.8581   0.8580   0.8577   0.8577   0.8579   0.8580
      inf   0.8524   0.8532   0.8532   0.8534   0.8535   0.8537   0.8541   0.8539   0.8538
      inf   0.8515   0.8519   0.8517   0.8518   0.8516   0.8510   0.8509   0.8508   0.8509
      inf   0.8487   0.8491   0.8473   0.8468   0.8466   0.8468   0.8470   0.8471   0.8474
      inf   0.8447   0.8432   0.8440   0.8439   0.8441   0.8441   0.8440   0.8441   0.8438
      inf   0.8415   0.8412   0.8410   0.8405   0.8403   0.8402   0.8402   0.8404   0.8405
      inf   0.8341   0.8353   0.8351   0.8360   0.8363   0.8363   0.8362   0.8360   0.8361
      inf   0.8329   0.8336   0.8332   0.8325   0.8325   0.8322   0.8321   0.8321   0.8323
      inf   0.8293   0.8285   0.8275   0.8264   0.8267   0.8273   0.8270   0.8272   0.8274
      inf   0.8238   0.8221   0.8233   0.8224   0.8226   0.8233   0.8230   0.8233   0.8230
      inf   0.8189   0.8189   0.8184   0.8182   0.8179   0.8175   0.8175   0.8178   0.8178
      inf   0.8145   0.8123   0.8130   0.8128   0.8127   0.8127   0.8128   0.8130   0.8128
      inf   0.8088   0.8088   0.8098   0.8099   0.8095   0.8086   0.8081   0.8081   0.8081
      inf   0.8000   0.8025   0.8014   0.8020   0.8016   0.8019   0.8022   0.8022   0.8023
      inf   0.8002   0.7964   0.7976   0.7986   0.7991   0.7974   0.7975   0.7976   0.7971
      inf   0.7932   0.7944   0.7956   0.7964   0.7948   0.7951   0.7942   0.7939   0.7942
      inf   0.7901   0.7872   0.7871   0.7850   0.7849   0.7848   0.7846   0.7845   0.7846
      inf   0.7690   0.7774   0.7705   0.7688   0.7722   0.7735   0.7735   0.7729   0.7745
      inf   0.7699   0.7745   0.7730   0.7715   0.7700   0.7713   0.7710   0.7709   0.7716
      inf   0.7608   0.7502   0.7564   0.7584   0.7607   0.7623   0.7622   0.7624   0.7597
      inf   0.7430   0.7492   0.7488   0.7520   0.7493   0.7503   0.7498   0.7490   0.7494
      inf   0.7575   0.7542   0.7511   0.7471   0.7501   0.7513   0.7520   0.7529   0.7526
      inf   0.6943   0.7250   0.7308   0.7328   0.7355   0.7363   0.7375   0.7330   0.7343
      inf   0.7229   0.7292   0.7305   0.7297   0.7278   0.7284   0.7260   0.7257   0.7268
      inf   0.7114   0.7162   0.7141   0.7165   0.7185   0.7196   0.7204   0.7198   0.7199
      inf   0.6340   0.6672   0.6798   0.6886   0.6786   0.6817   0.6852   0.6782   0.6820
      inf   0.6982   0.6844   0.6916   0.6922   0.6926   0.6943   0.6955   0.6957   0.6939
      inf   0.5993   0.6043   0.6379   0.6439   0.6528   0.6581   0.6641   0.6574   0.6507
      inf   0.6571   0.6373   0.6570   0.6533   0.6508   0.6491   0.6480   0.6507   0.6478
      inf   0.5831   0.6032   0.6082   0.6092   0.6155   0.6107   0.6193   0.6162   0.6147
      inf   0.6257   0.5604   0.5778   0.5866   0.5951   0.5933   0.5896   0.5953   0.5851
      inf   0.5306   0.5203   0.5503   0.5655   0.5617   0.5732   0.5818   0.5757   0.5684
      inf   0.4327   0.5226   0.5425   0.5307   0.5240   0.5335   0.5273   0.5153   0.5255
      inf   0.4232   0.4308   0.4448   0.4695   0.4768   0.4705   0.4614   0.4607   0.4540
      inf   0.3857   0.3994   0.3963   0.4102   0.4120   0.4112   0.4159   0.4216   0.4285
      inf   0.3910   0.4783   0.4921   0.4958   0.4816   0.4531   0.4542   0.4502   0.4569
      inf   0.4065   0.4412   0.3982   0.4095   0.4317   0.4096   0.4157   0.4177   0.4043
      inf   0.3872   0.4042   0.3904   0.3460   0.3550   0.3655   0.3633   0.3634   0.3616
      inf   0.2724   0.2124   0.2206   0.2314   0.2497   0.2574   0.2766   0.2789   0.2880
      inf   0.1869   0.2631   0.2918   0.3108   0.3189   0.3302   0.3333   0.3323   0.3325
      inf   0.2857   0.2969   0.2674   0.2865   0.2814   0.2832   0.2814   0.2790   0.2802
      inf   0.3446   0.2770   0.2950   0.2812   0.2913   0.2915   0.2845   0.2835   0.2779
      inf   0.2120   0.2514   0.2547   0.2381   0.2343   0.2461   0.2420   0.2378   0.2363
      inf   0.2199   0.2220   0.2133   0.2089   0.2062   0.2065   0.2164   0.2241   0.2255
      inf   0.1456   0.1656   0.1902   0.1952   0.1999   0.2026   0.2032   0.2026   0.2046
      inf   0.2168   0.1950   0.1995   0.2038   0.1995   0.2012   0.2049   0.2051   0.2012
      inf   0.2203   0.2070   0.1927   0.1869   0.1946   0.1926   0.1903   0.1882   0.1842
      inf   0.2256   0.1792   0.1819   0.1949   0.1833   0.1847   0.1868   0.1853   0.1846
      inf   0.1787   0.1726   0.1568   0.1653   0.1602   0.1630   0.1744   0.1728   0.1742
      inf   0.1723   0.1806   0.1727   0.1820   0.1709   0.1725   0.1717   0.1729   0.1715
      inf   0.1702   0.1641   0.1619   0.1523   0.1524   0.1541   0.1512   0.1511   0.1572
      inf   0.1665   0.1704   0.1584   0.1587   0.1590   0.1575   0.1602   0.1572   0.1557
      inf   0.1320   0.1467   0.1441   0.1451   0.1521   0.1513   0.1509   0.1464   0.1492
      inf   0.1585   0.1665   0.1545   0.1486   0.1450   0.1432   0.1443   0.1476   0.1487
      inf   0.1404   0.1348   0.1405   0.1350   0.1335   0.1317   0.1326   0.1314   0.1321
      inf   0.1338   0.1264   0.1172   0.1247   0.1276   0.1248   0.1221   0.1198   0.1222
      inf   0.1085   0.1127   0.1195   0.1245   0.1261   0.1316   0.1276   0.1285   0.1264
      inf   0.1407   0.1336   0.1339   0.1329   0.1304   0.1297   0.1273   0.1272   0.1247
      inf   0.1149   0.1178   0.1171   0.1207   0.1204   0.1158   0.1148   0.1148   0.1156
      inf   0.1200   0.1128   0.1176   0.1194   0.1180   0.1204   0.1178   0.1180   0.1187
      inf   0.1175   0.1126   0.1140   0.1120   0.1138   0.1124   0.1120   0.1098   0.1102
      inf   0.1138   0.1211   0.1149   0.1132   0.1120   0.1121   0.1127   0.1140   0.1155
      inf   0.1104   0.1104   0.1112   0.1082   0.1088   0.1073   0.1064   0.1068   0.1060
      inf   0.1119   0.0984   0.1028   0.1035   0.1030   0.1036   0.1020   0.1015   0.1008
      inf   0.1108   0.1040   0.1026   0.1033   0.1035   0.1018   0.1017   0.1035   0.1012
      inf   0.1031   0.0964   0.0956   0.0956   0.0948   0.0953   0.0948   0.0961   0.0945
      inf   0.0963   0.0921   0.0957   0.0985   0.0990   0.1001   0.1000   0.0999   0.0993
      inf   0.0969   0.0924   0.0928   0.0951   0.0951   0.0955   0.0933   0.0922   0.0929
      inf   0.0961   0.1036   0.1015   0.1010   0.1002   0.0994   0.0985   0.0962   0.0957
      inf   0.0928   0.0908   0.0901   0.0896   0.0912   0.0908   0.0910   0.0914   0.0911
      inf   0.0793   0.0819   0.0822   0.0849   0.0861   0.0872   0.0877   0.0878   0.0881
      inf   0.0959   0.0902   0.0893   0.0893   0.0895   0.0897   0.0882   0.0877   0.0868
      inf   0.0754   0.0822   0.0828   0.0834   0.0865   0.0873   0.0875   0.0870   0.0862
      inf   0.0800   0.0833   0.0840   0.0830   0.0823   0.0823   0.0828   0.0825   0.0828
      inf   0.0784   0.0790   0.0774   0.0764   0.0780   0.0783   0.0778   0.0774   0.0786
      inf   0.0716   0.0759   0.0761   0.0776   0.0783   0.0777   0.0779   0.0781   0.0791
      inf   0.0830   0.0802   0.0814   0.0817   0.0808   0.0799   0.0800   0.0804   0.0798
      inf   0.0791   0.0795   0.0791   0.0785   0.0777   0.0778   0.0775   0.0772   0.0776
      inf   0.0834   0.0762   0.0767   0.0768   0.0767   0.0765   0.0774   0.0776   0.0772
      inf   0.0764   0.0737   0.0718   0.0749   0.0743   0.0740   0.0737   0.0742   0.0739
      inf   0.0710   0.0743   0.0731   0.0723   0.0739   0.0751   0.0753   0.0745   0.0739
      inf   0.0754   0.0756   0.0761   0.0754   0.0762   0.0752   0.0750   0.0749   0.0748
      inf   0.0677   0.0691   0.0720   0.0710   0.0703   0.0720   0.0721   0.0732   0.0722
      inf   0.0767   0.0747   0.0725   0.0722   0.0707   0.0708   0.0706   0.0702   0.0698
      inf   0.0650   0.0671   0.0682   0.0698   0.0711   0.0701   0.0701   0.0706   0.0704
      inf   0.0672   0.0667   0.0676   0.0673   0.0684   0.0688   0.0687   0.0684   0.0681
      inf   0.0645   0.0680   0.0674   0.0659   0.0671   0.0671   0.0669   0.0669   0.0667
      inf   0.0685   0.0676   0.0672   0.0684   0.0673   0.0677   0.0675   0.0674   0.0676
      inf   0.0677   0.0649   0.0661   0.0661   0.0654   0.0648   0.0645   0.0644   0.0648
      inf   0.0649   0.0635   0.0645   0.0648   0.0664   0.0663   0.0668   0.0664   0.0660
      inf   0.0593   0.0604   0.0604   0.0614   0.0628   0.0632   0.0631   0.0632   0.0630
      inf   0.0601   0.0611   0.0631   0.0632   0.0633   0.0636   0.0638   0.0639   0.0643
      inf   0.0581   0.0607   0.0605   0.0617   0.0619   0.0619   0.0627   0.0622   0.0620
      inf   0.0603   0.0591   0.0588   0.0596   0.0597   0.0601   0.0600   0.0605   0.0603
      inf   0.0639   0.0632   0.0633   0.0617   0.0613   0.0618   0.0613   0.0615   0.0614
      inf   0.0650   0.0615   0.0630   0.0625   0.0617   0.0612   0.0618   0.0616   0.0614

      nan   0.7434   0.7342   0.7247   0.7214   0.7234   0.7249   0.7268   0.7278   0.7281
      nan   0.7134   0.7247   0.7299   0.7355   0.7366   0.7367   0.7357   0.7326   0.7332
      nan   0.7536   0.7519   0.7547   0.7478   0.7418   0.7426   0.7441   0.7468   0.7459
      nan   0.7420   0.7362   0.7419   0.7506   0.7550   0.7546   0.7571   0.7557   0.7540
      nan   0.7898   0.7821   0.7773   0.7822   0.7760   0.7718   0.7696   0.7711   0.7724
      nan   0.8029   0.7877   0.7775   0.7744   0.7797   0.7824   0.7858   0.7865   0.7847
      nan   0.7790   0.7920   0.7933   0.7998   0.7981   0.7983   0.7902   0.7880   0.7899
      nan   0.8428   0.8276   0.8193   0.8026   0.7980   0.7986   0.8033   0.8075   0.8081
      nan   0.7667   0.7795   0.7899   0.8001   0.8075   0.8103   0.8121   0.8070   0.8060
      nan   0.8256   0.8336   0.8347   0.8372   0.8292   0.8216   0.8214   0.8231   0.8234
      nan   0.8541   0.8243   0.8216   0.8234   0.8282   0.8294   0.8339   0.8346   0.8323
      nan   0.8295   0.8362   0.8373   0.8451   0.8495   0.8483   0.8434   0.8395   0.8399
      nan   0.8595   0.8700   0.8611   0.8520   0.8526   0.8540   0.8556   0.8565   0.8581
      nan   0.8448   0.8569   0.8609   0.8684   0.8677   0.8717   0.8733   0.8695   0.8696
      nan   0.9291   0.9062   0.9037   0.9111   0.8960   0.8946   0.8935   0.8976   0.8965
      nan   0.9336   0.9037   0.9006   0.9017   0.9076   0.9050   0.9054   0.9086   0.9074
      nan   0.8714   0.8927   0.9048   0.9064   0.9139   0.9159   0.9130   0.9101   0.9093
      nan   0.9345   0.9453   0.9432   0.9286   0.9280   0.9235   0.9252   0.9300   0.9326
      nan   0.9044   0.9245   0.9138   0.9210   0.9307   0.9301   0.9381   0.9325   0.9354
      nan   0.9665   0.9635   0.9580   0.9581   0.9434   0.9478   0.9417   0.9446   0.9480
      nan   0.9620   0.9421   0.9534   0.9613   0.9564   0.9630   0.9622   0.9621   0.9597
      nan   0.9549   0.9575   0.9683   0.9710   0.9704   0.9748   0.9649   0.9686   0.9657
      nan   0.9782   0.9839   0.9907   0.9817   0.9879   0.9762   0.9760   0.9774   0.9776
      nan   0.9845   1.0013   0.9889   0.9943   0.9917   0.9964   0.9981   0.9949   0.9978
      nan   1.0171   1.0149   1.0139   1.0146   1.0097   1.0100   1.0157   1.0118   1.0140
      nan   1.0411   1.0331   1.0282   1.0257   1.0218   1.0239   1.0186   1.0197   1.0214
      nan   1.0524   1.0343   1.0380   1.0283   1.0358   1.0431   1.0422   1.0465   1.0415
      nan   1.0284   1.0517   1.0675   1.0840   1.0877   1.0782   1.0777   1.0711   1.0712
      nan   1.0606   1.0963   1.0866   1.0936   1.0813   1.0801   1.0785   1.0758   1.0834
      nan   1.1372   1.0938   1.0943   1.1075   1.1117   1.1108   1.1048   1.1045   1.1036
      nan   1.1799   1.1490   1.1479   1.1364   1.1309   1.1390   1.1345   1.1409   1.1368
      nan   1.1568   1.1312   1.1340   1.1339   1.1466   1.1534   1.1608   1.1609   1.1559
      nan   1.1204   1.1914   1.1881   1.2054   1.2032   1.1947   1.1966   1.1868   1.1931
      nan   1.2452   1.2416   1.2154   1.2306   1.2039   1.2104   1.2134   1.2166   1.2175
      nan   1.1841   1.1770   1.2025   1.2166   1.2307   1.2311   1.2314   1.2244   1.2208
      nan   1.2694   1.3102   1.2835   1.2907   1.2687   1.2693   1.2607   1.2644   1.2696
      nan   1.3152   1.2548   1.2404   1.2279   1.2320   1.2398   1.2511   1.2582   1.2553
      nan   1.3207   1.3188   1.3082   1.3054   1.3117   1.3164   1.3106   1.3072   1.3138
      nan   1.3588   1.3263   1.3188   1.3048   1.2965   1.3014   1.2977   1.3089   1.3045
      nan   1.3145   1.3199   1.2832   1.2764   1.3114   1.3141   1.3226   1.3231   1.3226
      nan   1.2997   1.3505   1.3616   1.4121   1.4257   1.4359   1.4304   1.4336   1.4222
      nan   1.6891   1.5224   1.6658   1.6170   1.5570   1.5331   1.5257   1.5444   1.5240
      nan   1.4596   1.4132   1.4262   1.4655   1.4792   1.4708   1.4734   1.4678   1.4603
      nan   1.4990   1.6104   1.5926   1.5522   1.5333   1.5283   1.5293   1.5232   1.5499
      nan   1.6535   1.6575   1.6847   1.6373   1.6811   1.6527   1.6479   1.6482   1.6458
      nan   1.4599   1.4832   1.5448   1.5702   1.5686   1.5571   1.5457   1.5417   1.5360
      nan   1.7819   1.7952   1.7763   1.7620   1.7292   1.6959   1.6672   1.6994   1.6991
      nan   1.7803   1.6752   1.6234   1.6155   1.6247   1.6315   1.6324   1.6558   1.6426
      nan   1.7089   1.6579   1.6721   1.6995   1.6891   1.7093   1.6914   1.6969   1.6880
      nan   2.4798   2.1915   2.0424   1.9505   2.0318   1.9761   1.9402   2.0064   1.9868
      nan   1.8685   1.8079   1.8046   1.8118   1.8064   1.8307   1.8270   1.8397   1.8295
      nan   2.3050   2.4415   2.2637   2.1933   2.1580   2.1069   2.0609   2.1240   2.1802
      nan   1.8598   2.0318   2.0065   2.0600   2.0198   2.0336   2.0340   2.0048   2.0247
      nan   2.5470   2.2594   2.3384   2.3650   2.3105   2.3533   2.2859   2.3115   2.2791
      nan   2.0690   2.5170   2.3409   2.3039   2.2695   2.2576   2.2386   2.2149   2.2939
      nan   2.8257   2.5959   2.5146   2.3792   2.4847   2.4428   2.3994   2.4470   2.4595
      nan   2.2519   2.4085   2.3407   2.3301   2.2697   2.2193   2.2172   2.2455   2.2505
      nan   2.1909   2.3252   2.5496   2.4634   2.3710   2.3200   2.3808   2.3533   2.3816
      nan   2.3693   2.2912   2.2874   2.3974   2.4835   2.4063   2.4125   2.3917   2.3589
      nan   2.2091   2.2214   2.1775   2.1342   2.1642   2.2310   2.2157   2.1884   2.2215
      nan   1.7482   1.9138   2.1022   2.1285   2.2181   2.2059   2.1758   2.1438   2.1745
      nan   2.2768   2.3862   2.2733   2.1698   2.1347   2.1376   2.1069   2.0570   2.0619
      nan   1.6724   1.5999   1.6247   1.6637   1.7198   1.7337   1.7968   1.7925   1.8279
      nan   1.4769   1.6469   1.7055   1.6817   1.7329   1.8194   1.8166   1.7951   1.7920
      nan   1.7795   1.8281   1.7174   1.8013   1.7461   1.7216   1.7075   1.7027   1.6915
      nan   1.8938   1.8117   1.7958   1.7821   1.8075   1.7713   1.7352   1.7459   1.7357
      nan   1.5353   1.5909   1.6089   1.5675   1.5538   1.5600   1.5534   1.5346   1.5177
      nan   1.5360   1.4946   1.4237   1.4635   1.4595   1.4615   1.4685   1.5404   1.5424
      nan   1.3930   1.3532   1.4259   1.4329   1.4520   1.4539   1.4566   1.4525   1.4685
      nan   1.4942   1.4314   1.4486   1.4254   1.4179   1.4130   1.4179   1.4256   1.4110
      nan   1.5292   1.4703   1.4280   1.4303   1.4323   1.4253   1.4262   1.4156   1.4166
      nan   1.3880   1.3645   1.3624   1.3793   1.3559   1.3416   1.3317   1.3250   1.3293
      nan   1.3464   1.3305   1.3167   1.3385   1.3235   1.3360   1.3885   1.3823   1.3676
      nan   1.2906   1.2673   1.2967   1.3268   1.3131   1.3186   1.3152   1.3383   1.3317
      nan   1.4427   1.3441   1.3152   1.2844   1.2589   1.2612   1.2596   1.2821   1.3017
      nan   1.2940   1.2510   1.2536   1.2648   1.2647   1.2736   1.2669   1.2623   1.2589
      nan   1.1765   1.2531   1.2447   1.2322   1.2488   1.2368   1.2287   1.2146   1.2164
      nan   1.2468   1.2484   1.2045   1.2018   1.1827   1.1885   1.1911   1.1986   1.1946
      nan   1.1150   1.1780   1.1749   1.1714   1.1559   1.1586   1.1553   1.1607   1.1565
      nan   1.1775   1.1679   1.1357   1.1345   1.1459   1.1442   1.1416   1.1353   1.1472
      nan   1.1095   1.1217   1.1103   1.1170   1.1051   1.1252   1.1281   1.1299   1.1253
      nan   1.0591   1.0834   1.1010   1.1106   1.1111   1.1112   1.1123   1.1196   1.1142
      nan   1.0955   1.1359   1.1111   1.1084   1.1085   1.1091   1.1181   1.1128   1.1079
      nan   1.0857   1.0732   1.0706   1.0710   1.0748   1.0764   1.0779   1.0757   1.0831
      nan   1.0427   1.0477   1.0311   1.0228   1.0300   1.0380   1.0348   1.0316   1.0386
      nan   0.9728   1.0408   1.0285   1.0320   1.0353   1.0490   1.0604   1.0580   1.0613
      nan   1.0364   1.0418   1.0305   1.0206   1.0170   1.0176   1.0163   1.0172   1.0152
      nan   1.0442   1.0437   1.0382   1.0278   1.0261   1.0239   1.0154   1.0164   1.0171
      nan   0.9435   0.9583   0.9776   0.9727   0.9708   0.9720   0.9728   0.9745   0.9811
      nan   0.9926   1.0172   0.9958   0.9939   0.9959   0.9943   0.9908   0.9911   0.9870
      nan   0.9249   0.9239   0.9340   0.9350   0.9452   0.9523   0.9537   0.9561   0.9570
      nan   0.9683   0.9611   0.9563   0.9553   0.9512   0.9604   0.9553   0.9509   0.9508
      nan   0.9507   0.9551   0.9723   0.9685   0.9650   0.9564   0.9539   0.9575   0.9537
      nan   0.9424   0.9528   0.9470   0.9357   0.9303   0.9431   0.9399   0.9454   0.9397
      nan   0.8797   0.9083   0.9136   0.9056   0.9052   0.9051   0.9068   0.9060   0.9080
      nan   0.8900   0.8928   0.9088   0.9047   0.9071   0.9111   0.9108   0.9101   0.9097
      nan   0.8826   0.9093   0.9009   0.9041   0.9041   0.8990   0.9005   0.8961   0.8968
      nan   0.9092   0.8890   0.8732   0.8831   0.8840   0.8899   0.8857   0.8821   0.8778
      nan   0.8678   0.8678   0.8661   0.8691   0.8677   0.8635   0.8623   0.8651   0.8637
      nan   0.8160   0.8615   0.8656   0.8589   0.8560   0.8605   0.8586   0.8567   0.8558
      nan   0.8897   0.8845   0.8741   0.8772   0.8773   0.8757   0.8771   0.8706   0.8687
      nan   0.8501   0.8690   0.8623   0.8625   0.8567   0.8603   0.8582   0.8555   0.8516
      nan   0.8234   0.8463   0.8414   0.8436   0.8337   0.8341   0.8311   0.8314   0.8350
      nan   0.8073   0.7969   0.8134   0.8253   0.8296   0.8337   0.8321   0.8346   0.8336
      nan   0.8216   0.8224   0.8198   0.8185   0.8138   0.8142   0.8142   0.8170   0.8175
      nan   0.8348   0.8016   0.7974   0.8057   0.8080   0.8074   0.8105   0.8114   0.8067
      nan   0.7737   0.7971   0.7920   0.7937   0.7980   0.8030   0.8015   0.8027   0.8023
      nan   0.7949   0.7931   0.7892   0.8004   0.8029   0.8031   0.8012   0.8034   0.8069
      nan   0.8487   0.8171   0.8075   0.7990   0.8009   0.7983   0.7954   0.7946   0.7957
      nan   0.7710   0.7754   0.7857   0.7853   0.7869   0.7838   0.7836   0.7818   0.7804
      nan   0.7644   0.7765   0.7743   0.7707   0.7707   0.7687   0.7677   0.7711   0.7714
      nan   0.7528   0.7649   0.7670   0.7724   0.7767   0.7707   0.7717   0.7705   0.7680
      nan   0.7682   0.7703   0.7558   0.7574   0.7568   0.7614   0.7622   0.7665   0.7649
      nan   0.7331   0.7331   0.7409   0.7382   0.7438   0.7432   0.7414   0.7451   0.7463
      nan   0.7332   0.7267   0.7305   0.7395   0.7316   0.7327   0.7368   0.7381   0.7395
      nan   0.7412   0.7225   0.7250   0.7273   0.7292   0.7285   0.7255   0.7251   0.7268
      nan   0.7415   0.7283   0.7248   0.7247   0.7280   0.7231   0.7288   0.7300   0.7271
      nan   0.7309   0.7250   0.7219   0.7302   0.7289   0.7276   0.7246   0.7238   0.7242
      nan   0.6987   0.7168   0.7178   0.7144   0.7127   0.7115   0.7125   0.7134   0.7120
      nan   0.7089   0.7082   0.7121   0.7120   0.7170   0.7126   0.7072   0.7099   0.7081

          nan   3.8631e-01   3.8844e-01   3.8444e-01   3.8518e-01   3.8457e-01   3.8191e-01   3.8665e-01   3.8654e-01   3.8701e-01
          nan   3.8170e-01   3.9940e-01   3.9796e-01   3.9748e-01   4.0061e-01   3.9954e-01   3.9937e-01   3.9731e-01   3.9911e-01
          nan   4.0651e-01   4.2367e-01   4.2192e-01   4.1708e-01   4.1188e-01   4.1514e-01   4.1486e-01   4.1524e-01   4.1657e-01
          nan   4.1936e-01   4.1826e-01   4.2127e-01   4.2935e-01   4.2786e-01   4.2954e-01   4.3334e-01   4.3206e-01   4.3054e-01
          nan   4.5974e-01   4.4001e-01   4.4370e-01   4.5466e-01   4.4805e-01   4.5020e-01   4.4648e-01   4.4867e-01   4.4683e-01
          nan   5.1616e-01   4.9731e-01   4.9368e-01   4.7875e-01   4.8101e-01   4.8224e-01   4.8040e-01   4.8379e-01   4.8369e-01
          nan   4.8049e-01   4.8803e-01   4.8605e-01   4.8854e-01   4.8578e-01   4.8760e-01   4.8118e-01   4.8103e-01   4.8155e-01
          nan   5.3778e-01   5.2483e-01   5.1725e-01   5.0317e-01   5.0210e-01   5.0226e-01   5.0967e-01   5.1271e-01   5.1263e-01
          nan   4.8629e-01   4.9477e-01   5.0577e-01   5.2845e-01   5.3075e-01   5.3149e-01   5.2920e-01   5.2240e-01   5.2150e-01
          nan   5.5269e-01   5.6464e-01   5.5939e-01   5.7842e-01   5.6461e-01   5.5730e-01   5.5872e-01   5.6199e-01   5.6086e-01
          nan   6.4260e-01   6.0193e-01   5.9084e-01   5.9192e-01   5.8883e-01   5.8771e-01   5.8825e-01   5.9313e-01   5.9074e-01
          nan   5.8467e-01   5.7751e-01   5.7991e-01   5.8649e-01   6.1719e-01   6.1147e-01   6.1143e-01   6.0602e-01   6.0263e-01
          nan   6.2397e-01   6.3872e-01   6.2875e-01   6.2426e-01   6.5031e-01   6.4929e-01   6.4190e-01   6.4106e-01   6.4199e-01
          nan   6.8519e-01   7.3669e-01   7.1088e-01   6.9760e-01   6.8462e-01   6.8127e-01   6.7997e-01   6.7911e-01   6.8565e-01
          nan   7.8181e-01   7.2427e-01   7.1087e-01   7.4386e-01   7.1785e-01   7.2415e-01   7.3268e-01   7.3758e-01   7.3255e-01
          nan   8.4350e-01   7.8470e-01   7.8663e-01   7.9451e-01   7.8967e-01   7.8033e-01   7.7153e-01   7.7561e-01   7.7561e-01
          nan   7.7606e-01   7.5299e-01   7.6930e-01   7.5702e-01   7.7537e-01   7.8995e-01   8.0984e-01   8.1308e-01   8.0195e-01
          nan   9.6733e-01   9.3707e-01   9.1379e-01   8.8113e-01   9.0026e-01   8.7381e-01   8.6892e-01   8.8990e-01   8.9190e-01
          nan   7.8065e-01   9.1919e-01   8.5615e-01   8.8430e-01   8.8236e-01   8.7844e-01   8.8656e-01   8.6613e-01   8.8870e-01
          nan   9.3715e-01   9.2476e-01   9.1333e-01   9.0110e-01   8.6629e-01   8.9437e-01   8.8123e-01   8.8281e-01   8.9193e-01
          nan   9.4011e-01   8.7212e-01   1.0012e+00   1.0395e+00   9.9603e-01   1.0051e+00   9.8277e-01   9.7216e-01   9.6258e-01
          nan   9.6291e-01   9.9253e-01   9.6008e-01   9.6845e-01   9.7345e-01   1.0102e+00   9.8444e-01   1.0034e+00   9.8728e-01
          nan   1.0753e+00   1.0589e+00   1.0575e+00   1.0176e+00   1.0611e+00   1.0333e+00   1.0193e+00   1.0194e+00   1.0230e+00
          nan   9.8772e-01   1.0885e+00   1.0727e+00   1.0683e+00   1.0461e+00   1.0665e+00   1.0752e+00   1.0644e+00   1.0724e+00
          nan   1.0890e+00   1.0617e+00   1.1068e+00   1.1018e+00   1.0799e+00   1.0908e+00   1.1086e+00   1.0944e+00   1.0967e+00
          nan   1.2548e+00   1.1706e+00   1.1853e+00   1.2011e+00   1.2263e+00   1.2030e+00   1.1752e+00   1.1897e+00   1.1821e+00
          nan   1.2670e+00   1.2113e+00   1.2109e+00   1.2127e+00   1.2581e+00   1.3152e+00   1.3137e+00   1.3268e+00   1.3082e+00
          nan   1.1877e+00   1.2307e+00   1.4084e+00   1.5271e+00   1.5308e+00   1.4985e+00   1.4783e+00   1.4396e+00   1.4215e+00
          nan   1.3578e+00   1.5163e+00   1.4475e+00   1.4829e+00   1.4210e+00   1.4422e+00   1.4339e+00   1.4225e+00   1.4505e+00
          nan   1.6331e+00   1.4820e+00   1.5552e+00   1.6460e+00   1.6524e+00   1.6224e+00   1.5930e+00   1.5847e+00   1.5693e+00
          nan   2.1029e+00   1.8165e+00   1.7805e+00   1.6924e+00   1.6703e+00   1.6986e+00   1.7301e+00   1.7781e+00   1.7390e+00
          nan   1.7211e+00   1.6248e+00   1.6944e+00   1.7556e+00   1.8752e+00   1.8862e+00   1.9009e+00   1.8900e+00   1.8547e+00
          nan   1.6688e+00   2.1059e+00   2.1241e+00   2.4210e+00   2.3156e+00   2.2170e+00   2.2536e+00   2.1827e+00   2.1966e+00
          nan   2.3132e+00   2.2938e+00   2.1478e+00   2.3499e+00   2.2174e+00   2.2159e+00   2.3131e+00   2.2870e+00   2.2999e+00
          nan   2.3058e+00   2.1158e+00   2.3059e+00   2.3853e+00   2.4774e+00   2.4916e+00   2.4509e+00   2.4083e+00   2.3968e+00
          nan   2.4965e+00   3.1814e+00   2.9220e+00   2.9785e+00   2.8136e+00   2.8711e+00   2.8697e+00   2.8334e+00   2.8792e+00
          nan   3.1260e+00   2.8177e+00   2.5998e+00   2.5663e+00   2.6471e+00   2.7517e+00   2.8638e+00   2.8937e+00   2.8636e+00
          nan   3.5183e+00   3.2502e+00   3.2093e+00   3.1236e+00   3.1684e+00   3.2044e+00   3.1748e+00   3.1844e+00   3.1990e+00
          nan   3.2963e+00   3.4663e+00   3.2378e+00   3.2333e+00   3.1320e+00   3.4228e+00   3.3735e+00   3.3990e+00   3.4183e+00
          nan   3.4150e+00   3.1538e+00   2.8801e+00   2.7883e+00   3.0448e+00   3.0711e+00   3.1585e+00   3.2107e+00   3.1683e+00
          nan   2.9157e+00   3.6674e+00   3.6282e+00   4.2271e+00   4.6289e+00   4.7225e+00   4.8606e+00   5.0322e+00   4.8733e+00
          nan   1.2055e+01   7.8646e+00   1.3450e+01   1.1735e+01   1.0147e+01   9.2306e+00   8.6557e+00   9.0841e+00   8.4839e+00
          nan   4.6506e+00   4.2597e+00   4.4922e+00   5.1370e+00   5.4375e+00   5.2312e+00   5.6313e+00   5.4782e+00   5.3550e+00
          nan   7.7176e+00   1.3934e+01   1.1297e+01   9.9363e+00   8.8536e+00   8.2222e+00   8.1431e+00   8.0285e+00   9.4919e+00
          nan   1.4186e+01   1.1242e+01   1.0263e+01   9.2498e+00   1.1375e+01   1.0518e+01   1.0318e+01   1.0816e+01   1.0497e+01
          nan   5.6785e+00   5.5837e+00   7.0550e+00   7.5545e+00   7.0818e+00   6.7297e+00   6.4113e+00   6.3269e+00   6.2387e+00
          nan   2.7820e+01   1.9669e+01   1.6402e+01   1.5480e+01   1.3871e+01   1.2798e+01   1.2021e+01   1.4020e+01   1.3855e+01
          nan   1.3271e+01   9.9491e+00   9.0403e+00   8.8771e+00   9.0536e+00   8.8323e+00   9.3581e+00   9.9022e+00   9.4878e+00
          nan   1.2611e+01   1.1778e+01   1.3149e+01   1.2801e+01   1.2194e+01   1.1822e+01   1.1307e+01   1.1505e+01   1.1448e+01
          nan   8.9139e+02   1.2371e+03   1.0058e+03   8.2716e+02   6.8939e+02   5.9527e+02   5.2426e+02   4.9135e+02   8.8648e+02
          nan   1.3671e+01   1.7503e+01   1.5732e+01   1.5496e+01   1.5882e+01   1.5876e+01   1.5104e+01   1.4953e+01   1.5441e+01
          nan   6.7321e+01   1.0485e+03   1.1803e+03   1.0467e+03   9.2453e+02   8.1854e+02   7.3414e+02   6.5955e+02   7.8649e+02
          nan   1.8973e+01   3.2812e+01   2.8770e+01   2.9676e+01   2.8574e+01   2.9862e+01   2.9563e+01   2.8126e+01   2.9432e+01
          nan   9.2557e+01   6.2451e+01   6.0050e+01   6.0874e+01   5.4134e+01   6.0107e+01   5.4722e+01   5.9219e+01   5.6461e+01
          nan   3.0041e+01   7.6737e+02   1.0082e+03   9.4722e+02   8.5679e+02   7.6157e+02   6.8090e+02   6.2366e+02   6.6853e+02
          nan   1.3678e+02   6.2714e+02   9.4711e+02   9.1087e+02   8.1220e+02   7.4250e+02   6.7850e+02   6.2098e+02   6.2922e+02
          nan   1.7864e+02   1.2881e+02   1.0122e+02   9.2316e+01   3.0047e+02   6.6287e+02   7.7980e+02   8.0711e+02   8.5557e+02
          nan   5.3918e+02   4.3425e+02   3.5786e+02   3.0144e+02   2.5908e+02   4.7118e+02   5.4677e+02   5.7887e+02   5.4800e+02
          nan   2.2605e+02   5.3586e+02   5.4321e+02   5.2268e+02   4.9362e+02   5.6482e+02   5.5044e+02   5.2537e+02   5.6127e+02
          nan   4.3347e+02   3.2088e+02   2.4233e+02   3.2992e+02   5.7867e+02   5.6188e+02   5.1927e+02   4.8473e+02   4.7110e+02
          nan   4.2599e+02   5.5271e+02   5.0311e+02   5.5255e+02   5.8925e+02   5.4159e+02   5.2061e+02   4.9115e+02   4.5499e+02
          nan   4.3124e+02   3.8751e+02   5.1186e+02   4.3005e+02   4.1338e+02   4.0514e+02   3.9429e+02   4.1897e+02   4.1490e+02
          nan   1.1881e+02   1.1042e+02   1.6823e+02   2.0499e+02   2.4491e+02   2.5441e+02   2.9712e+02   3.0054e+02   3.1498e+02
          nan   1.3864e+02   1.5060e+02   2.0495e+02   3.2748e+02   3.4051e+02   3.7086e+02   3.7943e+02   3.7636e+02   3.7814e+02
          nan   8.1720e+01   3.2051e+02   2.7125e+02   3.0216e+02   2.9578e+02   2.9959e+02   2.8845e+02   2.8083e+02   2.9064e+02
          nan   8.7141e+01   2.4271e+02   2.7833e+02   2.5435e+02   2.8509e+02   2.9831e+02   2.8384e+02   2.9390e+02   2.8695e+02
          nan   1.9610e+02   2.2233e+02   2.4268e+02   2.1903e+02   2.1210e+02   2.3111e+02   2.2689e+02   2.1839e+02   2.1604e+02
          nan   1.7581e+02   1.7737e+02   1.5851e+02   1.6390e+02   1.5990e+02   1.6783e+02   1.8574e+02   1.9858e+02   2.0100e+02
          nan   8.8892e+01   1.0697e+02   1.5505e+02   1.6029e+02   1.6712e+02   1.6841e+02   1.6944e+02   1.6524e+02   1.7052e+02
          nan   1.7461e+02   1.5705e+02   1.6213e+02   1.6660e+02   1.5954e+02   1.6070e+02   1.6698e+02   1.6710e+02   1.6111e+02
          nan   1.3260e+02   1.5459e+02   1.3588e+02   1.2966e+02   1.4461e+02   1.4178e+02   1.4089e+02   1.3903e+02   1.3470e+02
          nan   1.3957e+02   1.2861e+02   1.3577e+02   1.5307e+02   1.3777e+02   1.3702e+02   1.3756e+02   1.3500e+02   1.3589e+02
          nan   7.3656e+01   1.2040e+02   1.0250e+02   1.1187e+02   1.0782e+02   1.0959e+02   1.2277e+02   1.2134e+02   1.2240e+02
          nan   1.1376e+02   1.2972e+02   1.2281e+02   1.3451e+02   1.2138e+02   1.2321e+02   1.2200e+02   1.2485e+02   1.2303e+02
          nan   1.1579e+02   1.0865e+02   1.0560e+02   9.3702e+01   9.3641e+01   9.4792e+01   9.2607e+01   9.2592e+01   1.0007e+02
          nan   1.0316e+02   9.8162e+01   9.6448e+01   9.8327e+01   9.6136e+01   9.5766e+01   9.9228e+01   9.6858e+01   9.5983e+01
          nan   6.1861e+01   8.0540e+01   8.1980e+01   8.6046e+01   9.4349e+01   9.3686e+01   9.3726e+01   8.9000e+01   9.1323e+01
          nan   8.6056e+01   1.0690e+02   9.5921e+01   8.8617e+01   8.3842e+01   8.1453e+01   8.2625e+01   8.6432e+01   8.7462e+01
          nan   6.5671e+01   7.2699e+01   7.7624e+01   7.6022e+01   7.3307e+01   7.2094e+01   7.3556e+01   7.2339e+01   7.2895e+01
          nan   7.1572e+01   6.6024e+01   5.6649e+01   6.3929e+01   6.5954e+01   6.3467e+01   6.1291e+01   5.9607e+01   6.2419e+01
          nan   4.3236e+01   5.0409e+01   5.6734e+01   6.3061e+01   6.4242e+01   6.9627e+01   6.6088e+01   6.7243e+01   6.5189e+01
          nan   7.4870e+01   6.7947e+01   6.9278e+01   6.9346e+01   6.7817e+01   6.7775e+01   6.5653e+01   6.6237e+01   6.3879e+01
          nan   4.3058e+01   5.4728e+01   5.4961e+01   5.7953e+01   5.8502e+01   5.4670e+01   5.4342e+01   5.4454e+01   5.5254e+01
          nan   5.2223e+01   4.5559e+01   5.2030e+01   5.3271e+01   5.2479e+01   5.6361e+01   5.4424e+01   5.5275e+01   5.6029e+01
          nan   5.3405e+01   5.1328e+01   5.2337e+01   5.0585e+01   5.2922e+01   5.2082e+01   5.1710e+01   4.9961e+01   5.0357e+01
          nan   5.2238e+01   5.9525e+01   5.3676e+01   5.2160e+01   5.0736e+01   5.0379e+01   5.0847e+01   5.1933e+01   5.3619e+01
          nan   4.7755e+01   4.7124e+01   4.8652e+01   4.7546e+01   4.8219e+01   4.7149e+01   4.5902e+01   4.6682e+01   4.6257e+01
          nan   4.9262e+01   3.9756e+01   4.2034e+01   4.3466e+01   4.3240e+01   4.3401e+01   4.2243e+01   4.1841e+01   4.1245e+01
          nan   4.8114e+01   4.3291e+01   4.2553e+01   4.3579e+01   4.3838e+01   4.2355e+01   4.2253e+01   4.3909e+01   4.2207e+01
          nan   4.1698e+01   3.7107e+01   3.7282e+01   3.7080e+01   3.6410e+01   3.6826e+01   3.6460e+01   3.7292e+01   3.6309e+01
          nan   3.7693e+01   3.5546e+01   3.7358e+01   3.8808e+01   3.8998e+01   4.0132e+01   3.9952e+01   3.9677e+01   3.9318e+01
          nan   3.6719e+01   3.3762e+01   3.4692e+01   3.5577e+01   3.5116e+01   3.5625e+01   3.4346e+01   3.3560e+01   3.4126e+01
          nan   3.6747e+01   4.2610e+01   4.0496e+01   3.9707e+01   3.9038e+01   3.8469e+01   3.7736e+01   3.6516e+01   3.6242e+01
          nan   3.5148e+01   3.2885e+01   3.2235e+01   3.2009e+01   3.3025e+01   3.2958e+01   3.3009e+01   3.3346e+01   3.3127e+01
          nan   2.5548e+01   2.6939e+01   2.6875e+01   2.8776e+01   2.9491e+01   3.0355e+01   3.0824e+01   3.1072e+01   3.1517e+01
          nan   3.4676e+01   3.2207e+01   3.1820e+01   3.1905e+01   3.1858e+01   3.2161e+01   3.1110e+01   3.0980e+01   3.0426e+01
          nan   2.2240e+01   2.6638e+01   2.7075e+01   2.7746e+01   2.9621e+01   3.0024e+01   3.0179e+01   2.9958e+01   2.9505e+01
          nan   2.2746e+01   2.7030e+01   2.7943e+01   2.7336e+01   2.6777e+01   2.6771e+01   2.7172e+01   2.7189e+01   2.7251e+01
          nan   2.4584e+01   2.5280e+01   2.4708e+01   2.3822e+01   2.4724e+01   2.4864e+01   2.4695e+01   2.4676e+01   2.5230e+01
          nan   2.0069e+01   2.3069e+01   2.3029e+01   2.3834e+01   2.4390e+01   2.4206e+01   2.4315e+01   2.4262e+01   2.4872e+01
          nan   2.6112e+01   2.5119e+01   2.6031e+01   2.6118e+01   2.5521e+01   2.5210e+01   2.5333e+01   2.5681e+01   2.5275e+01
          nan   2.4150e+01   2.4894e+01   2.4905e+01   2.4604e+01   2.4349e+01   2.4303e+01   2.3969e+01   2.3865e+01   2.4039e+01
          nan   2.7172e+01   2.2715e+01   2.3362e+01   2.3234e+01   2.3234e+01   2.3183e+01   2.3604e+01   2.3802e+01   2.3530e+01
          nan   2.2829e+01   2.1060e+01   2.0035e+01   2.1921e+01   2.1710e+01   2.1651e+01   2.1353e+01   2.1700e+01   2.1536e+01
          nan   2.0560e+01   2.2500e+01   2.1516e+01   2.1281e+01   2.2018e+01   2.2638e+01   2.2637e+01   2.2115e+01   2.1826e+01
          nan   2.2707e+01   2.3397e+01   2.3412e+01   2.2742e+01   2.3097e+01   2.2470e+01   2.2340e+01   2.2171e+01   2.2079e+01
          nan   1.8218e+01   1.8902e+01   2.0569e+01   1.9851e+01   1.9406e+01   2.0408e+01   2.0326e+01   2.0912e+01   2.0464e+01
          nan   2.3041e+01   2.1571e+01   2.0374e+01   2.0247e+01   1.9577e+01   1.9562e+01   1.9481e+01   1.9225e+01   1.8995e+01
          nan   1.6070e+01   1.7088e+01   1.8002e+01   1.9045e+01   1.9767e+01   1.9221e+01   1.9286e+01   1.9613e+01   1.9514e+01
          nan   1.7608e+01   1.7487e+01   1.7863e+01   1.7743e+01   1.8316e+01   1.8458e+01   1.8442e+01   1.8228e+01   1.8119e+01
          nan   1.6669e+01   1.8206e+01   1.7816e+01   1.7075e+01   1.7628e+01   1.7686e+01   1.7592e+01   1.7655e+01   1.7558e+01
          nan   1.8439e+01   1.7651e+01   1.7648e+01   1.8503e+01   1.7886e+01   1.8052e+01   1.7941e+01   1.7850e+01   1.7973e+01
          nan   1.7076e+01   1.5975e+01   1.6588e+01   1.6649e+01   1.6370e+01   1.6217e+01   1.6072e+01   1.6104e+01   1.6269e+01
          nan   1.5817e+01   1.5740e+01   1.6246e+01   1.6348e+01   1.7149e+01   1.7002e+01   1.7316e+01   1.7203e+01   1.7029e+01
          nan   1.3858e+01   1.4356e+01   1.4433e+01   1.4799e+01   1.5418e+01   1.5575e+01   1.5541e+01   1.5524e+01   1.5476e+01
          nan   1.3969e+01   1.4439e+01   1.5692e+01   1.5731e+01   1.5809e+01   1.5989e+01   1.5994e+01   1.5984e+01   1.6128e+01
          nan   1.2692e+01   1.4068e+01   1.4107e+01   1.4586e+01   1.4768e+01   1.4791e+01   1.5125e+01   1.4889e+01   1.4790e+01
          nan   1.4004e+01   1.3525e+01   1.3341e+01   1.3691e+01   1.3776e+01   1.3977e+01   1.3895e+01   1.4092e+01   1.4002e+01
          nan   1.5366e+01   1.5203e+01   1.5226e+01   1.4648e+01   1.4375e+01   1.4604e+01   1.4387e+01   1.4500e+01   1.4461e+01
          nan   1.5884e+01   1.4461e+01   1.5401e+01   1.5100e+01   1.4770e+01   1.4488e+01   1.4717e+01   1.4629e+01   1.4540e+01

          nan   3.8631e-01   3.8844e-01   3.8444e-01   3.8518e-01   3.8457e-01   3.8191e-01   3.8665e-01   3.8654e-01   3.8701e-01
          nan   3.8170e-01   3.9940e-01   3.9796e-01   3.9748e-01   4.0061e-01   3.9954e-01   3.9937e-01   3.9731e-01   3.9911e-01
          nan   4.0651e-01   4.2367e-01   4.2192e-01   4.1708e-01   4.1188e-01   4.1514e-01   4.1486e-01   4.1524e-01   4.1657e-01
          nan   4.1936e-01   4.1826e-01   4.2127e-01   4.2935e-01   4.2786e-01   4.2954e-01   4.3334e-01   4.3206e-01   4.3054e-01
          nan   4.5974e-01   4.4001e-01   4.4370e-01   4.5466e-01   4.4805e-01   4.5020e-01   4.4648e-01   4.4867e-01   4.4683e-01
          nan   5.1616e-01   4.9731e-01   4.9368e-01   4.7875e-01   4.8101e-01   4.8224e-01   4.8040e-01   4.8379e-01   4.8369e-01
          nan   4.8049e-01   4.8803e-01   4.8605e-01   4.8854e-01   4.8578e-01   4.8760e-01   4.8118e-01   4.8103e-01   4.8155e-01
          nan   5.3778e-01   5.2483e-01   5.1725e-01   5.0317e-01   5.0210e-01   5.0226e-01   5.0967e-01   5.1271e-01   5.1263e-01
          nan   4.8629e-01   4.9477e-01   5.0577e-01   5.2845e-01   5.3075e-01   5.3149e-01   5.2920e-01   5.2240e-01   5.2150e-01
          nan   5.5269e-01   5.6464e-01   5.5939e-01   5.7842e-01   5.6461e-01   5.5730e-01   5.5872e-01   5.6199e-01   5.6086e-01
          nan   6.4260e-01   6.0193e-01   5.9084e-01   5.9192e-01   5.8883e-01   5.8771e-01   5.8825e-01   5.9313e-01   5.9074e-01
          nan   5.8467e-01   5.7751e-01   5.7991e-01   5.8649e-01   6.1719e-01   6.1147e-01   6.1143e-01   6.0602e-01   6.0263e-01
          nan   6.2397e-01   6.3872e-01   6.2875e-01   6.2426e-01   6.5031e-01   6.4929e-01   6.4190e-01   6.4106e-01   6.4199e-01
          nan   6.8519e-01   7.3669e-01   7.1088e-01   6.9760e-01   6.8462e-01   6.8127e-01   6.7997e-01   6.7911e-01   6.8565e-01
          nan   7.8181e-01   7.2427e-01   7.1087e-01   7.4386e-01   7.1785e-01   7.2415e-01   7.3268e-01   7.3758e-01   7.3255e-01
          nan   8.4350e-01   7.8470e-01   7.8663e-01   7.9451e-01   7.8967e-01   7.8033e-01   7.7153e-01   7.7561e-01   7.7561e-01
          nan   7.7606e-01   7.5299e-01   7.6930e-01   7.5702e-01   7.7537e-01   7.8995e-01   8.0984e-01   8.1308e-01   8.0195e-01
          nan   9.6733e-01   9.3707e-01   9.1379e-01   8.8113e-01   9.0026e-01   8.7381e-01   8.6892e-01   8.8990e-01   8.9190e-01
          nan   7.8065e-01   9.1919e-01   8.5615e-01   8.8430e-01   8.8236e-01   8.7844e-01   8.8656e-01   8.6613e-01   8.8870e-01
          nan   9.3715e-01   9.2476e-01   9.1333e-01   9.0110e-01   8.6629e-01   8.9437e-01   8.8123e-01   8.8281e-01   8.9193e-01
          nan   9.4011e-01   8.7212e-01   1.0012e+00   1.0395e+00   9.9603e-01   1.0051e+00   9.8277e-01   9.7216e-01   9.6258e-01
          nan   9.6291e-01   9.9253e-01   9.6008e-01   9.6845e-01   9.7345e-01   1.0102e+00   9.8444e-01   1.0034e+00   9.8728e-01
          nan   1.0753e+00   1.0589e+00   1.0575e+00   1.0176e+00   1.0611e+00   1.0333e+00   1.0193e+00   1.0194e+00   1.0230e+00
          nan   9.8772e-01   1.0885e+00   1.0727e+00   1.0683e+00   1.0461e+00   1.0665e+00   1.0752e+00   1.0644e+00   1.0724e+00
          nan   1.0890e+00   1.0617e+00   1.1068e+00   1.1018e+00   1.0799e+00   1.0908e+00   1.1086e+00   1.0944e+00   1.0967e+00
          nan   1.2548e+00   1.1706e+00   1.1853e+00   1.2011e+00   1.2263e+00   1.2030e+00   1.1752e+00   1.1897e+00   1.1821e+00
          nan   1.2670e+00   1.2113e+00   1.2109e+00   1.2127e+00   1.2581e+00   1.3152e+00   1.3137e+00   1.3268e+00   1.3082e+00
          nan   1.1877e+00   1.2307e+00   1.4084e+00   1.5271e+00   1.5308e+00   1.4985e+00   1.4783e+00   1.4396e+00   1.4215e+00
          nan   1.3578e+00   1.5163e+00   1.4475e+00   1.4829e+00   1.4210e+00   1.4422e+00   1.4339e+00   1.4225e+00   1.4505e+00
          nan   1.6331e+00   1.4820e+00   1.5552e+00   1.6460e+00   1.6524e+00   1.6224e+00   1.5930e+00   1.5847e+00   1.5693e+00
          nan   2.1029e+00   1.8165e+00   1.7805e+00   1.6924e+00   1.6703e+00   1.6986e+00   1.7301e+00   1.7781e+00   1.7390e+00
          nan   1.7211e+00   1.6248e+00   1.6944e+00   1.7556e+00   1.8752e+00   1.8862e+00   1.9009e+00   1.8900e+00   1.8547e+00
          nan   1.6688e+00   2.1059e+00   2.1241e+00   2.4210e+00   2.3156e+00   2.2170e+00   2.2536e+00   2.1827e+00   2.1966e+00
          nan   2.3132e+00   2.2938e+00   2.1478e+00   2.3499e+00   2.2174e+00   2.2159e+00   2.3131e+00   2.2870e+00   2.2999e+00
          nan   2.3058e+00   2.1158e+00   2.3059e+00   2.3853e+00   2.4774e+00   2.4916e+00   2.4509e+00   2.4083e+00   2.3968e+00
          nan   2.4965e+00   3.1814e+00   2.9220e+00   2.9785e+00   2.8136e+00   2.8711e+00   2.8697e+00   2.8334e+00   2.8792e+00
          nan   3.1260e+00   2.8177e+00   2.5998e+00   2.5663e+00   2.6471e+00   2.7517e+00   2.8638e+00   2.8937e+00   2.8636e+00
          nan   3.5183e+00   3.2502e+00   3.2093e+00   3.1236e+00   3.1684e+00   3.2044e+00   3.1748e+00   3.1844e+00   3.1990e+00
          nan   3.2963e+00   3.4663e+00   3.2378e+00   3.2333e+00   3.1320e+00   3.4228e+00   3.3735e+00   3.3990e+00   3.4183e+00
          nan   3.4150e+00   3.1538e+00   2.8801e+00   2.7883e+00   3.0448e+00   3.0711e+00   3.1585e+00   3.2107e+00   3.1683e+00
          nan   2.9157e+00   3.6674e+00   3.6282e+00   4.2271e+00   4.6289e+00   4.7225e+00   4.8606e+00   5.0322e+00   4.8733e+00
          nan   1.2055e+01   7.8646e+00   1.3450e+01   1.1735e+01   1.0147e+01   9.2306e+00   8.6557e+00   9.0841e+00   8.4839e+00
          nan   4.6506e+00   4.2597e+00   4.4922e+00   5.1370e+00   5.4375e+00   5.2312e+00   5.6313e+00   5.4782e+00   5.3550e+00
          nan   7.7176e+00   1.3934e+01   1.1297e+01   9.9363e+00   8.8536e+00   8.2222e+00   8.1431e+00   8.0285e+00   9.4919e+00
          nan   1.4186e+01   1.1242e+01   1.0263e+01   9.2498e+00   1.1375e+01   1.0518e+01   1.0318e+01   1.0816e+01   1.0497e+01
          nan   5.6785e+00   5.5837e+00   7.0550e+00   7.5545e+00   7.0818e+00   6.7297e+00   6.4113e+00   6.3269e+00   6.2387e+00
          nan   2.7820e+01   1.9669e+01   1.6402e+01   1.5480e+01   1.3871e+01   1.2798e+01   1.2021e+01   1.4020e+01   1.3855e+01
          nan   1.3271e+01   9.9491e+00   9.0403e+00   8.8771e+00   9.0536e+00   8.8323e+00   9.3581e+00   9.9022e+00   9.4878e+00
          nan   1.2611e+01   1.1778e+01   1.3149e+01   1.2801e+01   1.2194e+01   1.1822e+01   1.1307e+01   1.1505e+01   1.1448e+01
          nan   9.1591e+01   5.6308e+01   4.2162e+01   3.4848e+01   3.9226e+01   3.5268e+01   3.2106e+01   4.0258e+01   3.7473e+01
          nan   1.3671e+01   1.7503e+01   1.5732e+01   1.5496e+01   1.5882e+01   1.5876e+01   1.5104e+01   1.4953e+01   1.5441e+01
          nan   6.7321e+01   9.0506e+01   6.9376e+01   5.9913e+01   5.2247e+01   4.6408e+01   4.1918e+01   4.6126e+01   5.4461e+01
          nan   1.8973e+01   3.2812e+01   2.8770e+01   2.9676e+01   2.8574e+01   2.9862e+01   2.9563e+01   2.8126e+01   2.9432e+01
          nan   8.7386e+01   5.9775e+01   5.8249e+01   5.9521e+01   5.3039e+01   5.8954e+01   5.3720e+01   5.7663e+01   5.5082e+01
          nan   3.0041e+01   8.1152e+01   6.8986e+01   6.2088e+01   5.5855e+01   5.4100e+01   5.3290e+01   5.0676e+01   5.9936e+01
          nan   1.1345e+02   1.1877e+02   9.5124e+01   7.9179e+01   7.8235e+01   7.1130e+01   6.5847e+01   7.3046e+01   7.9941e+01
          nan   1.3538e+02   1.0236e+02   8.2861e+01   7.8827e+01   7.8334e+01   7.0946e+01   7.5301e+01   8.5501e+01   8.0970e+01
          nan   1.0457e+02   1.2378e+02   1.2438e+02   1.0934e+02   9.9937e+01   1.0065e+02   1.0639e+02   1.0487e+02   1.1077e+02
          nan   1.1620e+02   1.0744e+02   1.0871e+02   1.0943e+02   1.1729e+02   1.1443e+02   1.1375e+02   1.1028e+02   1.0705e+02
          nan   1.2779e+02   1.0016e+02   8.5275e+01   7.6720e+01   7.9476e+01   9.3285e+01   9.2708e+01   9.3788e+01   9.4088e+01
          nan   7.5031e+01   6.4935e+01   8.7445e+01   8.9111e+01   8.7074e+01   9.3847e+01   9.1013e+01   8.8276e+01   9.5455e+01
          nan   1.0434e+02   1.0850e+02   1.0280e+02   1.0656e+02   1.0518e+02   1.0654e+02   1.0372e+02   9.9413e+01   9.8715e+01
          nan   6.3612e+01   5.9108e+01   6.7456e+01   6.9588e+01   7.5933e+01   7.9655e+01   8.5219e+01   8.6317e+01   8.8660e+01
          nan   5.0245e+01   6.6219e+01   6.9133e+01   6.7768e+01   6.9125e+01   7.4115e+01   7.2812e+01   7.2270e+01   7.2703e+01
          nan   6.2765e+01   7.7418e+01   7.8240e+01   8.1594e+01   7.7364e+01   7.9992e+01   7.8303e+01   7.9105e+01   7.8993e+01
          nan   7.2722e+01   8.1720e+01   8.1435e+01   7.8430e+01   8.2632e+01   8.0923e+01   7.9394e+01   7.8181e+01   7.6026e+01
          nan   7.2977e+01   7.2431e+01   7.2745e+01   6.9673e+01   6.5233e+01   6.6097e+01   6.5980e+01   6.4263e+01   6.3580e+01
          nan   4.3990e+01   5.0761e+01   4.9063e+01   5.3106e+01   5.3853e+01   5.5181e+01   5.7389e+01   6.3312e+01   6.2589e+01
          nan   3.6905e+01   4.3782e+01   5.7403e+01   5.6220e+01   5.7990e+01   5.6905e+01   5.6634e+01   5.4820e+01   5.6049e+01
          nan   5.1454e+01   5.3331e+01   5.3526e+01   5.4461e+01   5.2339e+01   5.0997e+01   5.2465e+01   5.2496e+01   5.1813e+01
          nan   5.8256e+01   5.1719e+01   4.9125e+01   4.7917e+01   4.8303e+01   4.7688e+01   4.5666e+01   4.5534e+01   4.5635e+01
          nan   5.3115e+01   4.8095e+01   4.6888e+01   4.9885e+01   4.6531e+01   4.4360e+01   4.3335e+01   4.2649e+01   4.3407e+01
          nan   4.3169e+01   4.0733e+01   3.7232e+01   4.0731e+01   3.9040e+01   3.9932e+01   4.6111e+01   4.5209e+01   4.4325e+01
          nan   4.2221e+01   4.4011e+01   4.2091e+01   4.5144e+01   4.2488e+01   4.3055e+01   4.2652e+01   4.4131e+01   4.3588e+01
          nan   3.7637e+01   3.6460e+01   3.5495e+01   3.2071e+01   3.1695e+01   3.1140e+01   3.0927e+01   3.0994e+01   3.4049e+01
          nan   3.2613e+01   3.3639e+01   3.1632e+01   3.1757e+01   3.1638e+01   3.1606e+01   3.1909e+01   3.1374e+01   3.1379e+01
          nan   2.3141e+01   3.1475e+01   3.2170e+01   2.9784e+01   3.2128e+01   3.2126e+01   3.2528e+01   3.1427e+01   3.1958e+01
          nan   3.1069e+01   3.4691e+01   3.1921e+01   2.9609e+01   2.7758e+01   2.6779e+01   2.6906e+01   2.8120e+01   2.8182e+01
          nan   3.1178e+01   3.0403e+01   3.0154e+01   2.8479e+01   2.6715e+01   2.6324e+01   2.6735e+01   2.6104e+01   2.6197e+01
          nan   2.6404e+01   2.3993e+01   2.0355e+01   2.3296e+01   2.2977e+01   2.2164e+01   2.1539e+01   2.1344e+01   2.2730e+01
          nan   1.5803e+01   1.7870e+01   1.9182e+01   2.1783e+01   2.1945e+01   2.3728e+01   2.2898e+01   2.3378e+01   2.2653e+01
          nan   2.3056e+01   2.0768e+01   2.1569e+01   2.2566e+01   2.2610e+01   2.3126e+01   2.2667e+01   2.3214e+01   2.2587e+01
          nan   1.6194e+01   1.7920e+01   1.8561e+01   1.9288e+01   2.0012e+01   1.9143e+01   1.9333e+01   1.9478e+01   1.9780e+01
          nan   1.8973e+01   1.7210e+01   1.7922e+01   1.7967e+01   1.8100e+01   1.9155e+01   1.8916e+01   1.9286e+01   1.9520e+01
          nan   1.6917e+01   1.8001e+01   1.8195e+01   1.7443e+01   1.8844e+01   1.8743e+01   1.8590e+01   1.8072e+01   1.8255e+01
          nan   1.8037e+01   2.1031e+01   1.8861e+01   1.8419e+01   1.7719e+01   1.7404e+01   1.7579e+01   1.7905e+01   1.8573e+01
          nan   1.8214e+01   1.7768e+01   1.8187e+01   1.7745e+01   1.7786e+01   1.7361e+01   1.6876e+01   1.6938e+01   1.6880e+01
          nan   1.6674e+01   1.4749e+01   1.5805e+01   1.5711e+01   1.5442e+01   1.5445e+01   1.5007e+01   1.4830e+01   1.4604e+01
          nan   1.6581e+01   1.4923e+01   1.5017e+01   1.5621e+01   1.5754e+01   1.5303e+01   1.5216e+01   1.5878e+01   1.5366e+01
          nan   1.3901e+01   1.2863e+01   1.3433e+01   1.3268e+01   1.2987e+01   1.3211e+01   1.3094e+01   1.3241e+01   1.3022e+01
          nan   1.3527e+01   1.3404e+01   1.4041e+01   1.4358e+01   1.3910e+01   1.4161e+01   1.4014e+01   1.3749e+01   1.3581e+01
          nan   1.2249e+01   1.1557e+01   1.2502e+01   1.2743e+01   1.2713e+01   1.2661e+01   1.2400e+01   1.2128e+01   1.2292e+01
          nan   1.3027e+01   1.4798e+01   1.3733e+01   1.3252e+01   1.2894e+01   1.2742e+01   1.2562e+01   1.2463e+01   1.2471e+01
          nan   1.2809e+01   1.1494e+01   1.1176e+01   1.1163e+01   1.1509e+01   1.1609e+01   1.1517e+01   1.1703e+01   1.1607e+01
          nan   9.7074e+00   9.6927e+00   9.5163e+00   1.0093e+01   1.0321e+01   1.0687e+01   1.0915e+01   1.1099e+01   1.1393e+01
          nan   1.1025e+01   1.1200e+01   1.1199e+01   1.1280e+01   1.1129e+01   1.1346e+01   1.1012e+01   1.1105e+01   1.0960e+01
          nan   8.3635e+00   9.2238e+00   9.5928e+00   9.8224e+00   1.0375e+01   1.0400e+01   1.0418e+01   1.0439e+01   1.0315e+01
          nan   8.8110e+00   9.5172e+00   9.9500e+00   9.6494e+00   9.3969e+00   9.4043e+00   9.6006e+00   9.7170e+00   9.6465e+00
          nan   1.0129e+01   9.8953e+00   9.5636e+00   8.9635e+00   9.3086e+00   9.3332e+00   9.2530e+00   9.3140e+00   9.3607e+00
          nan   7.0062e+00   8.3307e+00   8.1615e+00   8.4114e+00   8.6783e+00   8.7398e+00   8.7818e+00   8.6402e+00   8.8357e+00
          nan   9.1537e+00   8.8469e+00   9.0813e+00   9.2076e+00   8.9529e+00   8.9594e+00   9.0310e+00   9.1645e+00   8.9864e+00
          nan   8.2232e+00   8.7913e+00   8.9414e+00   8.8870e+00   8.9184e+00   8.8546e+00   8.6393e+00   8.6234e+00   8.6453e+00
          nan   9.4694e+00   7.9505e+00   8.3639e+00   8.1846e+00   8.2356e+00   8.3327e+00   8.3914e+00   8.4913e+00   8.4102e+00
          nan   7.9673e+00   7.2636e+00   6.9174e+00   7.7069e+00   7.7002e+00   7.7175e+00   7.5631e+00   7.6938e+00   7.7073e+00
          nan   7.7812e+00   8.4724e+00   7.9641e+00   8.0431e+00   8.1467e+00   8.2978e+00   8.2361e+00   8.0344e+00   7.9819e+00
          nan   8.3105e+00   9.0911e+00   8.8357e+00   8.3935e+00   8.3910e+00   8.1402e+00   8.0691e+00   7.9670e+00   7.9219e+00
          nan   6.6391e+00   6.8358e+00   7.4525e+00   7.1607e+00   6.9334e+00   7.3182e+00   7.2079e+00   7.3745e+00   7.2841e+00
          nan   8.2265e+00   7.5203e+00   7.0940e+00   7.1157e+00   6.9513e+00   6.9145e+00   6.9109e+00   6.7976e+00   6.7187e+00
          nan   5.4200e+00   5.8409e+00   6.3241e+00   6.7705e+00   7.0346e+00   6.8450e+00   6.8889e+00   7.0632e+00   7.0403e+00
          nan   6.5642e+00   6.3632e+00   6.4606e+00   6.4400e+00   6.5741e+00   6.5589e+00   6.5643e+00   6.4518e+00   6.4575e+00
          nan   6.2537e+00   6.6023e+00   6.4125e+00   6.1894e+00   6.3178e+00   6.3870e+00   6.3499e+00   6.4396e+00   6.3932e+00
          nan   6.6923e+00   6.1890e+00   6.3467e+00   6.7944e+00   6.5661e+00   6.6216e+00   6.5788e+00   6.5037e+00   6.5617e+00
          nan   5.6891e+00   5.4540e+00   5.6645e+00   5.7394e+00   5.6867e+00   5.7376e+00   5.6901e+00   5.7321e+00   5.7851e+00
          nan   5.4204e+00   5.6685e+00   5.8748e+00   5.8604e+00   6.1377e+00   6.0433e+00   6.1986e+00   6.2051e+00   6.1712e+00
          nan   5.1459e+00   5.3368e+00   5.4281e+00   5.4007e+00   5.5896e+00   5.6188e+00   5.6406e+00   5.5957e+00   5.5953e+00
          nan   4.9953e+00   5.2267e+00   5.8021e+00   5.8300e+00   5.8436e+00   5.9359e+00   5.8690e+00   5.8342e+00   5.8496e+00
          nan   4.3852e+00   5.0861e+00   5.0829e+00   5.1923e+00   5.2767e+00   5.2900e+00   5.4030e+00   5.3069e+00   5.2688e+00
          nan   5.0810e+00   4.9794e+00   4.8523e+00   4.9531e+00   4.9666e+00   5.0405e+00   4.9966e+00   5.0444e+00   5.0107e+00
          nan   5.6782e+00   5.4842e+00   5.4847e+00   5.2863e+00   5.1931e+00   5.2476e+00   5.1774e+00   5.1992e+00   5.1566e+00
          nan   5.6459e+00   5.1708e+00   5.6090e+00   5.4739e+00   5.4048e+00   5.2700e+00   5.3109e+00   5.2938e+00   5.2542e+00

      inf   0.1583   0.1188   0.1056   0.0990   0.0950   0.0924   0.0905   0.0891   0.0880
      inf   0.1608   0.1205   0.1072   0.1004   0.0965   0.0938   0.0919   0.0905   0.0893
      inf   0.1635   0.1226   0.1090   0.1021   0.0980   0.0953   0.0934   0.0919   0.0908
      inf   0.1659   0.1245   0.1105   0.1036   0.0995   0.0967   0.0948   0.0933   0.0921
      inf   0.1683   0.1262   0.1122   0.1053   0.1011   0.0982   0.0962   0.0947   0.0936
      inf   0.1713   0.1285   0.1142   0.1070   0.1027   0.0999   0.0978   0.0963   0.0951
      inf   0.1738   0.1302   0.1159   0.1086   0.1043   0.1014   0.0993   0.0978   0.0965
      inf   0.1770   0.1326   0.1178   0.1105   0.1060   0.1030   0.1010   0.0994   0.0981
      inf   0.1795   0.1346   0.1195   0.1121   0.1076   0.1046   0.1025   0.1009   0.0997
      inf   0.1821   0.1366   0.1214   0.1139   0.1094   0.1063   0.1041   0.1025   0.1012
      inf   0.1852   0.1389   0.1235   0.1157   0.1110   0.1080   0.1058   0.1041   0.1029
      inf   0.1880   0.1409   0.1253   0.1175   0.1128   0.1097   0.1075   0.1058   0.1044
      inf   0.1908   0.1431   0.1273   0.1194   0.1147   0.1115   0.1092   0.1074   0.1061
      inf   0.1946   0.1459   0.1296   0.1214   0.1165   0.1132   0.1109   0.1092   0.1079
      inf   0.1970   0.1478   0.1313   0.1233   0.1184   0.1151   0.1127   0.1109   0.1096
      inf   0.2004   0.1504   0.1338   0.1254   0.1203   0.1169   0.1145   0.1127   0.1114
      inf   0.2041   0.1528   0.1357   0.1272   0.1221   0.1188   0.1164   0.1146   0.1131
      inf   0.2065   0.1549   0.1379   0.1293   0.1242   0.1206   0.1182   0.1163   0.1149
      inf   0.2104   0.1579   0.1401   0.1313   0.1260   0.1225   0.1200   0.1182   0.1168
      inf   0.2131   0.1598   0.1420   0.1333   0.1279   0.1245   0.1219   0.1200   0.1185
      inf   0.2168   0.1625   0.1446   0.1356   0.1301   0.1265   0.1239   0.1220   0.1205
      inf   0.2207   0.1653   0.1468   0.1376   0.1321   0.1285   0.1259   0.1240   0.1224
      inf   0.2234   0.1676   0.1492   0.1398   0.1342   0.1305   0.1278   0.1258   0.1242
      inf   0.2277   0.1707   0.1517   0.1420   0.1363   0.1326   0.1299   0.1279   0.1263
      inf   0.2299   0.1725   0.1534   0.1440   0.1382   0.1345   0.1318   0.1297   0.1281
      inf   0.2346   0.1760   0.1566   0.1468   0.1408   0.1369   0.1340   0.1320   0.1304
      inf   0.2384   0.1786   0.1588   0.1488   0.1429   0.1390   0.1362   0.1341   0.1324
      inf   0.2419   0.1812   0.1614   0.1515   0.1455   0.1414   0.1384   0.1363   0.1345
      inf   0.2463   0.1850   0.1642   0.1539   0.1477   0.1436   0.1407   0.1385   0.1369
      inf   0.2495   0.1873   0.1665   0.1562   0.1500   0.1459   0.1429   0.1407   0.1389
      inf   0.2545   0.1910   0.1698   0.1591   0.1526   0.1484   0.1454   0.1431   0.1413
      inf   0.2588   0.1938   0.1723   0.1616   0.1551   0.1509   0.1478   0.1455   0.1437
      inf   0.2632   0.1972   0.1755   0.1646   0.1580   0.1535   0.1504   0.1480   0.1462
      inf   0.2674   0.2010   0.1784   0.1673   0.1606   0.1560   0.1528   0.1504   0.1486
      inf   0.2720   0.2040   0.1814   0.1700   0.1633   0.1588   0.1556   0.1531   0.1512
      inf   0.2763   0.2075   0.1844   0.1729   0.1660   0.1614   0.1581   0.1556   0.1537
      inf   0.2813   0.2108   0.1872   0.1755   0.1684   0.1639   0.1606   0.1581   0.1562
      inf   0.2859   0.2141   0.1906   0.1786   0.1717   0.1668   0.1633   0.1608   0.1588
      inf   0.2905   0.2184   0.1939   0.1815   0.1742   0.1696   0.1661   0.1635   0.1616
      inf   0.2952   0.2213   0.1965   0.1840   0.1769   0.1719   0.1685   0.1659   0.1638
      inf   0.3002   0.2254   0.2004   0.1881   0.1805   0.1755   0.1719   0.1692   0.1672
      inf   0.3073   0.2296   0.2045   0.1922   0.1841   0.1789   0.1753   0.1727   0.1703
      inf   0.3120   0.2331   0.2075   0.1946   0.1871   0.1817   0.1779   0.1752   0.1729
      inf   0.3167   0.2389   0.2119   0.1984   0.1903   0.1849   0.1811   0.1782   0.1763
      inf   0.3234   0.2423   0.2159   0.2019   0.1941   0.1886   0.1849   0.1820   0.1798
      inf   0.3251   0.2445   0.2177   0.2049   0.1963   0.1907   0.1868   0.1838   0.1816
      inf   0.3384   0.2515   0.2231   0.2091   0.2005   0.1949   0.1908   0.1884   0.1858
      inf   0.3431   0.2563   0.2274   0.2131   0.2049   0.1990   0.1952   0.1921   0.1896
      inf   0.3457   0.2592   0.2308   0.2160   0.2072   0.2015   0.1973   0.1943   0.1919
      inf   0.3571   0.2669   0.2369   0.2214   0.2133   0.2074   0.2030   0.2003   0.1975
      inf   0.3587   0.2702   0.2398   0.2248   0.2157   0.2095   0.2053   0.2020   0.1996
      inf   0.3720   0.2793   0.2464   0.2309   0.2212   0.2148   0.2100   0.2073   0.2052
      inf   0.3743   0.2824   0.2494   0.2343   0.2253   0.2192   0.2149   0.2113   0.2090
      inf   0.3882   0.2907   0.2582   0.2418   0.2317   0.2254   0.2201   0.2168   0.2144
      inf   0.3897   0.2954   0.2621   0.2454   0.2353   0.2290   0.2248   0.2209   0.2185
      inf   0.4003   0.3019   0.2676   0.2505   0.2409   0.2334   0.2281   0.2249   0.2226
      inf   0.4176   0.3093   0.2738   0.2576   0.2476   0.2402   0.2356   0.2325   0.2291
      inf   0.4236   0.3176   0.2818   0.2635   0.2529   0.2462   0.2416   0.2378   0.2352
      inf   0.4302   0.3239   0.2887   0.2703   0.2594   0.2525   0.2471   0.2430   0.2399
      inf   0.4373   0.3240   0.2873   0.2693   0.2594   0.2537   0.2485   0.2448   0.2413
      inf   0.4497   0.3348   0.2992   0.2799   0.2673   0.2607   0.2550   0.2508   0.2482
      inf   0.4526   0.3383   0.3013   0.2842   0.2724   0.2643   0.2593   0.2554   0.2525
      inf   0.4612   0.3494   0.3110   0.2919   0.2799   0.2721   0.2659   0.2618   0.2583
      inf   0.4732   0.3544   0.3142   0.2940   0.2818   0.2734   0.2675   0.2634   0.2602
      inf   0.4807   0.3583   0.3191   0.2986   0.2868   0.2787   0.2731   0.2689   0.2654
      inf   0.4819   0.3625   0.3217   0.3019   0.2893   0.2812   0.2758   0.2716   0.2685
      inf   0.4898   0.3668   0.3260   0.3063   0.2943   0.2856   0.2801   0.2760   0.2727
      inf   0.4953   0.3709   0.3300   0.3099   0.2977   0.2896   0.2834   0.2785   0.2751
      inf   0.5019   0.3766   0.3343   0.3137   0.3009   0.2927   0.2866   0.2823   0.2788
      inf   0.5067   0.3809   0.3384   0.3173   0.3049   0.2964   0.2903   0.2858   0.2823
      inf   0.5102   0.3833   0.3416   0.3206   0.3074   0.2988   0.2930   0.2886   0.2852
      inf   0.5163   0.3889   0.3456   0.3237   0.3111   0.3024   0.2964   0.2918   0.2882
      inf   0.5234   0.3927   0.3492   0.3276   0.3145   0.3056   0.2990   0.2945   0.2909
      inf   0.5286   0.3969   0.3530   0.3304   0.3174   0.3084   0.3021   0.2973   0.2937
      inf   0.5333   0.3999   0.3561   0.3338   0.3207   0.3121   0.3058   0.3010   0.2971
      inf   0.5390   0.4039   0.3597   0.3374   0.3240   0.3150   0.3085   0.3037   0.2999
      inf   0.5448   0.4086   0.3634   0.3407   0.3267   0.3175   0.3111   0.3063   0.3024
      inf   0.5474   0.4108   0.3652   0.3427   0.3292   0.3203   0.3138   0.3086   0.3048
      inf   0.5530   0.4156   0.3696   0.3466   0.3328   0.3236   0.3169   0.3119   0.3081
      inf   0.5584   0.4193   0.3730   0.3496   0.3355   0.3263   0.3198   0.3150   0.3108
      inf   0.5633   0.4225   0.3758   0.3523   0.3382   0.3285   0.3219   0.3169   0.3129
      inf   0.5692   0.4267   0.3793   0.3552   0.3410   0.3314   0.3248   0.3197   0.3158
      inf   0.5725   0.4299   0.3820   0.3581   0.3438   0.3344   0.3275   0.3224   0.3184
      inf   0.5756   0.4324   0.3847   0.3606   0.3462   0.3366   0.3298   0.3245   0.3206
      inf   0.5816   0.4360   0.3878   0.3636   0.3488   0.3393   0.3324   0.3273   0.3232
      inf   0.5864   0.4387   0.3903   0.3662   0.3514   0.3417   0.3347   0.3296   0.3254
      inf   0.5904   0.4427   0.3935   0.3689   0.3543   0.3444   0.3374   0.3322   0.3281
      inf   0.5939   0.4461   0.3962   0.3716   0.3568   0.3469   0.3399   0.3346   0.3305
      inf   0.5969   0.4481   0.3988   0.3740   0.3591   0.3493   0.3422   0.3369   0.3328
      inf   0.6024   0.4521   0.4022   0.3771   0.3619   0.3519   0.3448   0.3394   0.3353
      inf   0.6079   0.4558   0.4052   0.3797   0.3645   0.3544   0.3471   0.3418   0.3375
      inf   0.6111   0.4584   0.4075   0.3820   0.3668   0.3566   0.3494   0.3440   0.3397
      inf   0.6149   0.4613   0.4100   0.3843   0.3691   0.3589   0.3516   0.3461   0.3420
      inf   0.6186   0.4644   0.4130   0.3873   0.3716   0.3614   0.3541   0.3485   0.3442
      inf   0.6231   0.4675   0.4159   0.3898   0.3741   0.3637   0.3563   0.3507   0.3463
      inf   0.6268   0.4701   0.4180   0.3920   0.3763   0.3659   0.3584   0.3529   0.3485
      inf   0.6320   0.4738   0.4210   0.3946   0.3788   0.3683   0.3607   0.3551   0.3506
      inf   0.6345   0.4759   0.4230   0.3966   0.3808   0.3704   0.3628   0.3570   0.3527
      inf   0.6387   0.4791   0.4260   0.3994   0.3834   0.3729   0.3653   0.3596   0.3551
      inf   0.6430   0.4820   0.4285   0.4017   0.3856   0.3749   0.3674   0.3616   0.3571
      inf   0.6466   0.4847   0.4309   0.4039   0.3877   0.3770   0.3693   0.3636   0.3592
      inf   0.6494   0.4872   0.4329   0.4060   0.3899   0.3790   0.3713   0.3656   0.3611
      inf   0.6530   0.4904   0.4360   0.4088   0.3925   0.3816   0.3738   0.3679   0.3634
      inf   0.6572   0.4935   0.4386   0.4111   0.3946   0.3836   0.3759   0.3700   0.3655
      inf   0.6615   0.4961   0.4409   0.4133   0.3967   0.3857   0.3779   0.3720   0.3674
      inf   0.6648   0.4985   0.4433   0.4156   0.3991   0.3880   0.3800   0.3742   0.3695
      inf   0.6687   0.5017   0.4457   0.4178   0.4013   0.3901   0.3821   0.3761   0.3715
      inf   0.6713   0.5037   0.4477   0.4197   0.4031   0.3918   0.3839   0.3779   0.3733
      inf   0.6753   0.5067   0.4506   0.4224   0.4054   0.3942   0.3862   0.3802   0.3755
      inf   0.6789   0.5094   0.4526   0.4245   0.4075   0.3963   0.3882   0.3822   0.3774
      inf   0.6827   0.5119   0.4551   0.4267   0.4097   0.3983   0.3901   0.3841   0.3793
      inf   0.6857   0.5144   0.4573   0.4286   0.4116   0.4001   0.3919   0.3858   0.3811
      inf   0.6886   0.5168   0.4594   0.4306   0.4135   0.4020   0.3939   0.3877   0.3829
      inf   0.6927   0.5195   0.4620   0.4332   0.4157   0.4041   0.3959   0.3897   0.3849
      inf   0.6958   0.5216   0.4637   0.4350   0.4176   0.4060   0.3977   0.3915   0.3867
      inf   0.6989   0.5241   0.4658   0.4369   0.4195   0.4078   0.3995   0.3933   0.3885
      inf   0.7023   0.5268   0.4684   0.4391   0.4216   0.4099   0.4014   0.3952   0.3903
      inf   0.7054   0.5295   0.4708   0.4413   0.4237   0.4120   0.4036   0.3973   0.3923
      inf   0.7094   0.5319   0.4729   0.4434   0.4256   0.4139   0.4055   0.3992   0.3942
      inf   0.7129   0.5344   0.4749   0.4454   0.4275   0.4157   0.4072   0.4008   0.3959

