   2.0000
   2.0050
   2.0100
   2.0150
   2.0200
   2.0250
   2.0300
   2.0350
   2.0400
   2.0450
   2.0500
   2.0550
   2.0600
   2.0650
   2.0700
   2.0750
   2.0800
   2.0850
   2.0900
   2.0950
   2.1000
   2.1050
   2.1100
   2.1150
   2.1200
   2.1250
   2.1300
   2.1350
   2.1400
   2.1450
   2.1500
   2.1550
   2.1600
   2.1650
   2.1700
   2.1750
   2.1800
   2.1850
   2.1900
   2.1950
   2.2000
   2.2050
   2.2100
   2.2150
   2.2200
   2.2250
   2.2300
   2.2350
   2.2400
   2.2450
   2.2500
   2.2550
   2.2600
   2.2650
   2.2700
   2.2750
   2.2800
   2.2850
   2.2900
   2.2950
   2.3000
   2.3050
   2.3100
   2.3150
   2.3200
   2.3250
   2.3300
   2.3350
   2.3400
   2.3450
   2.3500
   2.3550
   2.3600
   2.3650
   2.3700
   2.3750
   2.3800
   2.3850
   2.3900
   2.3950
   2.4000
   2.4050
   2.4100
   2.4150
   2.4200
   2.4250
   2.4300
   2.4350
   2.4400
   2.4450
   2.4500
   2.4550
   2.4600
   2.4650
   2.4700
   2.4750
   2.4800
   2.4850
   2.4900
   2.4950
   2.5000
   2.5050
   2.5100
   2.5150
   2.5200
   2.5250
   2.5300
   2.5350
   2.5400
   2.5450
   2.5500
   2.5550
   2.5600
   2.5650
   2.5700
   2.5750
   2.5800
   2.5850
   2.5900
   2.5950

     -inf  -1.7451  -1.7454  -1.7454  -1.7457  -1.7457  -1.7456  -1.7456  -1.7456  -1.7456
     -inf  -1.7429  -1.7426  -1.7422  -1.7422  -1.7421  -1.7421  -1.7420  -1.7422  -1.7422
     -inf  -1.7387  -1.7385  -1.7383  -1.7383  -1.7385  -1.7384  -1.7382  -1.7383  -1.7383
     -inf  -1.7350  -1.7349  -1.7349  -1.7345  -1.7345  -1.7346  -1.7344  -1.7345  -1.7345
     -inf  -1.7300  -1.7302  -1.7304  -1.7303  -1.7304  -1.7304  -1.7305  -1.7305  -1.7305
     -inf  -1.7264  -1.7265  -1.7265  -1.7268  -1.7268  -1.7266  -1.7267  -1.7267  -1.7266
     -inf  -1.7241  -1.7236  -1.7231  -1.7230  -1.7229  -1.7229  -1.7229  -1.7230  -1.7230
     -inf  -1.7189  -1.7191  -1.7188  -1.7190  -1.7191  -1.7191  -1.7189  -1.7189  -1.7189
     -inf  -1.7155  -1.7154  -1.7154  -1.7151  -1.7151  -1.7150  -1.7149  -1.7150  -1.7150
     -inf  -1.7108  -1.7107  -1.7108  -1.7106  -1.7106  -1.7106  -1.7107  -1.7108  -1.7108
     -inf  -1.7059  -1.7063  -1.7062  -1.7067  -1.7067  -1.7065  -1.7065  -1.7065  -1.7065
     -inf  -1.7036  -1.7033  -1.7028  -1.7028  -1.7026  -1.7026  -1.7026  -1.7027  -1.7027
     -inf  -1.6989  -1.6985  -1.6982  -1.6983  -1.6984  -1.6985  -1.6984  -1.6985  -1.6984
     -inf  -1.6943  -1.6941  -1.6944  -1.6940  -1.6941  -1.6941  -1.6940  -1.6939  -1.6940
     -inf  -1.6890  -1.6896  -1.6898  -1.6897  -1.6897  -1.6896  -1.6898  -1.6897  -1.6898
     -inf  -1.6845  -1.6847  -1.6848  -1.6853  -1.6850  -1.6851  -1.6852  -1.6852  -1.6851
     -inf  -1.6818  -1.6809  -1.6806  -1.6809  -1.6808  -1.6806  -1.6807  -1.6808  -1.6807
     -inf  -1.6776  -1.6765  -1.6762  -1.6763  -1.6763  -1.6763  -1.6764  -1.6764  -1.6764
     -inf  -1.6716  -1.6715  -1.6717  -1.6716  -1.6718  -1.6717  -1.6716  -1.6717  -1.6716
     -inf  -1.6671  -1.6668  -1.6671  -1.6669  -1.6669  -1.6668  -1.6669  -1.6669  -1.6668
     -inf  -1.6609  -1.6616  -1.6618  -1.6621  -1.6621  -1.6620  -1.6621  -1.6620  -1.6619
     -inf  -1.6574  -1.6572  -1.6571  -1.6576  -1.6576  -1.6573  -1.6573  -1.6573  -1.6573
     -inf  -1.6532  -1.6533  -1.6526  -1.6523  -1.6524  -1.6525  -1.6525  -1.6525  -1.6526
     -inf  -1.6464  -1.6475  -1.6478  -1.6481  -1.6479  -1.6481  -1.6479  -1.6478  -1.6478
     -inf  -1.6438  -1.6429  -1.6434  -1.6425  -1.6425  -1.6424  -1.6424  -1.6425  -1.6425
     -inf  -1.6360  -1.6363  -1.6367  -1.6368  -1.6369  -1.6370  -1.6371  -1.6370  -1.6370
     -inf  -1.6321  -1.6317  -1.6319  -1.6321  -1.6320  -1.6317  -1.6316  -1.6317  -1.6317
     -inf  -1.6264  -1.6261  -1.6257  -1.6256  -1.6258  -1.6259  -1.6261  -1.6261  -1.6261
     -inf  -1.6219  -1.6211  -1.6214  -1.6217  -1.6214  -1.6213  -1.6212  -1.6212  -1.6212
     -inf  -1.6170  -1.6161  -1.6161  -1.6158  -1.6156  -1.6156  -1.6157  -1.6159  -1.6158
     -inf  -1.6088  -1.6095  -1.6096  -1.6099  -1.6100  -1.6099  -1.6101  -1.6100  -1.6099
     -inf  -1.6053  -1.6050  -1.6045  -1.6043  -1.6046  -1.6043  -1.6041  -1.6043  -1.6042
     -inf  -1.5973  -1.5992  -1.5986  -1.5987  -1.5984  -1.5986  -1.5987  -1.5985  -1.5988
     -inf  -1.5924  -1.5919  -1.5924  -1.5929  -1.5925  -1.5927  -1.5927  -1.5928  -1.5926
     -inf  -1.5873  -1.5868  -1.5873  -1.5873  -1.5872  -1.5869  -1.5866  -1.5866  -1.5866
     -inf  -1.5795  -1.5785  -1.5790  -1.5794  -1.5796  -1.5793  -1.5797  -1.5798  -1.5795
     -inf  -1.5754  -1.5736  -1.5736  -1.5737  -1.5743  -1.5739  -1.5737  -1.5740  -1.5736
     -inf  -1.5640  -1.5676  -1.5664  -1.5667  -1.5668  -1.5666  -1.5668  -1.5664  -1.5669
     -inf  -1.5619  -1.5612  -1.5606  -1.5610  -1.5607  -1.5612  -1.5611  -1.5614  -1.5612
     -inf  -1.5538  -1.5546  -1.5550  -1.5537  -1.5539  -1.5538  -1.5539  -1.5537  -1.5539
     -inf  -1.5461  -1.5465  -1.5471  -1.5468  -1.5467  -1.5470  -1.5470  -1.5471  -1.5469
     -inf  -1.5351  -1.5367  -1.5373  -1.5377  -1.5385  -1.5382  -1.5389  -1.5386  -1.5384
     -inf  -1.5312  -1.5326  -1.5318  -1.5323  -1.5323  -1.5326  -1.5321  -1.5321  -1.5323
     -inf  -1.5287  -1.5266  -1.5261  -1.5254  -1.5255  -1.5255  -1.5251  -1.5254  -1.5256
     -inf  -1.5160  -1.5161  -1.5162  -1.5171  -1.5165  -1.5166  -1.5167  -1.5166  -1.5166
     -inf  -1.5087  -1.5102  -1.5100  -1.5088  -1.5074  -1.5079  -1.5085  -1.5084  -1.5090
     -inf  -1.4989  -1.5002  -1.5008  -1.5005  -1.5002  -1.5006  -1.5006  -1.4995  -1.4999
     -inf  -1.4917  -1.4928  -1.4923  -1.4925  -1.4908  -1.4915  -1.4915  -1.4917  -1.4918
     -inf  -1.4841  -1.4833  -1.4816  -1.4770  -1.4784  -1.4804  -1.4810  -1.4814  -1.4815
     -inf  -1.4788  -1.4753  -1.4733  -1.4734  -1.4738  -1.4734  -1.4733  -1.4739  -1.4738
     -inf  -1.4692  -1.4672  -1.4686  -1.4686  -1.4681  -1.4678  -1.4675  -1.4685  -1.4676
     -inf  -1.4528  -1.4551  -1.4571  -1.4558  -1.4563  -1.4539  -1.4544  -1.4536  -1.4540
     -inf  -1.4476  -1.4465  -1.4469  -1.4477  -1.4453  -1.4440  -1.4446  -1.4456  -1.4452
     -inf  -1.4258  -1.4304  -1.4300  -1.4326  -1.4339  -1.4316  -1.4328  -1.4331  -1.4326
     -inf  -1.4200  -1.4180  -1.4210  -1.4212  -1.4207  -1.4204  -1.4217  -1.4216  -1.4202
     -inf  -1.4108  -1.4021  -1.4094  -1.4060  -1.4079  -1.4094  -1.4105  -1.4103  -1.4087
     -inf  -1.3890  -1.3980  -1.4042  -1.4040  -1.4032  -1.4042  -1.4036  -1.4026  -1.4024
     -inf  -1.3793  -1.3860  -1.3871  -1.3881  -1.3886  -1.3892  -1.3891  -1.3884  -1.3881
     -inf  -1.3863  -1.3768  -1.3807  -1.3801  -1.3791  -1.3763  -1.3788  -1.3792  -1.3784
     -inf  -1.3686  -1.3697  -1.3701  -1.3672  -1.3674  -1.3658  -1.3663  -1.3662  -1.3671
     -inf  -1.3579  -1.3581  -1.3536  -1.3541  -1.3556  -1.3544  -1.3544  -1.3544  -1.3549
     -inf  -1.3411  -1.3419  -1.3464  -1.3444  -1.3456  -1.3458  -1.3445  -1.3439  -1.3437
     -inf  -1.3318  -1.3319  -1.3338  -1.3336  -1.3347  -1.3355  -1.3342  -1.3338  -1.3339
     -inf  -1.3325  -1.3291  -1.3299  -1.3291  -1.3296  -1.3298  -1.3291  -1.3279  -1.3293
     -inf  -1.3152  -1.3153  -1.3153  -1.3156  -1.3167  -1.3152  -1.3149  -1.3151  -1.3145
     -inf  -1.3040  -1.3064  -1.3058  -1.3070  -1.3073  -1.3070  -1.3074  -1.3070  -1.3071
     -inf  -1.2985  -1.2993  -1.3018  -1.3023  -1.3009  -1.3017  -1.3016  -1.3015  -1.3012
     -inf  -1.2955  -1.2916  -1.2932  -1.2928  -1.2914  -1.2935  -1.2922  -1.2920  -1.2917
     -inf  -1.2873  -1.2831  -1.2798  -1.2804  -1.2818  -1.2817  -1.2822  -1.2821  -1.2827
     -inf  -1.2761  -1.2802  -1.2769  -1.2767  -1.2761  -1.2759  -1.2766  -1.2761  -1.2763
     -inf  -1.2703  -1.2689  -1.2673  -1.2669  -1.2679  -1.2678  -1.2683  -1.2679  -1.2679
     -inf  -1.2618  -1.2631  -1.2632  -1.2617  -1.2608  -1.2608  -1.2606  -1.2606  -1.2609
     -inf  -1.2511  -1.2497  -1.2531  -1.2534  -1.2530  -1.2533  -1.2543  -1.2543  -1.2543
     -inf  -1.2418  -1.2453  -1.2457  -1.2467  -1.2479  -1.2477  -1.2471  -1.2470  -1.2474
     -inf  -1.2393  -1.2382  -1.2374  -1.2382  -1.2381  -1.2394  -1.2393  -1.2396  -1.2401
     -inf  -1.2341  -1.2333  -1.2337  -1.2341  -1.2337  -1.2341  -1.2342  -1.2343  -1.2340
     -inf  -1.2290  -1.2272  -1.2274  -1.2283  -1.2277  -1.2278  -1.2275  -1.2275  -1.2275
     -inf  -1.2224  -1.2215  -1.2224  -1.2231  -1.2229  -1.2226  -1.2226  -1.2230  -1.2230
     -inf  -1.2166  -1.2170  -1.2168  -1.2171  -1.2173  -1.2170  -1.2166  -1.2173  -1.2173
     -inf  -1.2084  -1.2108  -1.2109  -1.2101  -1.2098  -1.2102  -1.2102  -1.2102  -1.2106
     -inf  -1.2019  -1.2039  -1.2031  -1.2037  -1.2033  -1.2039  -1.2038  -1.2037  -1.2036
     -inf  -1.1972  -1.1981  -1.1997  -1.1994  -1.1990  -1.1991  -1.1990  -1.1988  -1.1987
     -inf  -1.1957  -1.1940  -1.1937  -1.1928  -1.1935  -1.1932  -1.1931  -1.1930  -1.1928
     -inf  -1.1866  -1.1874  -1.1877  -1.1879  -1.1880  -1.1875  -1.1879  -1.1880  -1.1880
     -inf  -1.1804  -1.1824  -1.1816  -1.1817  -1.1818  -1.1818  -1.1821  -1.1820  -1.1822
     -inf  -1.1746  -1.1766  -1.1767  -1.1770  -1.1769  -1.1772  -1.1771  -1.1771  -1.1773
     -inf  -1.1699  -1.1711  -1.1717  -1.1721  -1.1718  -1.1721  -1.1719  -1.1720  -1.1718
     -inf  -1.1678  -1.1659  -1.1661  -1.1656  -1.1657  -1.1654  -1.1655  -1.1657  -1.1656
     -inf  -1.1592  -1.1602  -1.1609  -1.1611  -1.1616  -1.1611  -1.1614  -1.1615  -1.1617
     -inf  -1.1551  -1.1566  -1.1560  -1.1564  -1.1565  -1.1565  -1.1565  -1.1565  -1.1567
     -inf  -1.1517  -1.1513  -1.1517  -1.1518  -1.1518  -1.1518  -1.1519  -1.1518  -1.1518
     -inf  -1.1470  -1.1465  -1.1470  -1.1471  -1.1471  -1.1473  -1.1473  -1.1475  -1.1473
     -inf  -1.1449  -1.1438  -1.1425  -1.1423  -1.1426  -1.1424  -1.1424  -1.1424  -1.1424
     -inf  -1.1372  -1.1377  -1.1375  -1.1371  -1.1370  -1.1369  -1.1367  -1.1368  -1.1372
     -inf  -1.1320  -1.1333  -1.1331  -1.1327  -1.1328  -1.1328  -1.1330  -1.1328  -1.1329
     -inf  -1.1277  -1.1273  -1.1274  -1.1275  -1.1273  -1.1274  -1.1277  -1.1275  -1.1275
     -inf  -1.1242  -1.1228  -1.1236  -1.1239  -1.1238  -1.1240  -1.1239  -1.1237  -1.1235
     -inf  -1.1202  -1.1197  -1.1191  -1.1189  -1.1190  -1.1192  -1.1191  -1.1190  -1.1189
     -inf  -1.1147  -1.1148  -1.1143  -1.1143  -1.1146  -1.1150  -1.1148  -1.1145  -1.1145
     -inf  -1.1116  -1.1113  -1.1108  -1.1104  -1.1106  -1.1104  -1.1102  -1.1100  -1.1101
     -inf  -1.1034  -1.1048  -1.1053  -1.1056  -1.1055  -1.1058  -1.1061  -1.1062  -1.1062
     -inf  -1.1021  -1.1009  -1.1013  -1.1016  -1.1016  -1.1016  -1.1018  -1.1020  -1.1019
     -inf  -1.0981  -1.0978  -1.0977  -1.0978  -1.0979  -1.0978  -1.0976  -1.0978  -1.0979
     -inf  -1.0922  -1.0933  -1.0937  -1.0933  -1.0931  -1.0933  -1.0932  -1.0931  -1.0931
     -inf  -1.0887  -1.0888  -1.0890  -1.0890  -1.0892  -1.0893  -1.0894  -1.0893  -1.0892
     -inf  -1.0833  -1.0841  -1.0849  -1.0850  -1.0848  -1.0848  -1.0851  -1.0850  -1.0851
     -inf  -1.0817  -1.0813  -1.0815  -1.0815  -1.0813  -1.0811  -1.0811  -1.0811  -1.0812
     -inf  -1.0777  -1.0767  -1.0770  -1.0772  -1.0772  -1.0770  -1.0771  -1.0772  -1.0773
     -inf  -1.0729  -1.0734  -1.0735  -1.0734  -1.0736  -1.0735  -1.0734  -1.0734  -1.0732
     -inf  -1.0680  -1.0687  -1.0691  -1.0689  -1.0689  -1.0691  -1.0692  -1.0692  -1.0692
     -inf  -1.0639  -1.0645  -1.0647  -1.0649  -1.0646  -1.0646  -1.0648  -1.0646  -1.0645
     -inf  -1.0622  -1.0620  -1.0615  -1.0617  -1.0616  -1.0615  -1.0614  -1.0615  -1.0616
     -inf  -1.0583  -1.0583  -1.0580  -1.0578  -1.0579  -1.0579  -1.0578  -1.0578  -1.0578
     -inf  -1.0532  -1.0540  -1.0537  -1.0537  -1.0537  -1.0538  -1.0536  -1.0536  -1.0537
     -inf  -1.0495  -1.0505  -1.0505  -1.0501  -1.0499  -1.0500  -1.0502  -1.0501  -1.0503
     -inf  -1.0477  -1.0472  -1.0470  -1.0472  -1.0470  -1.0468  -1.0470  -1.0469  -1.0468
     -inf  -1.0436  -1.0431  -1.0427  -1.0428  -1.0428  -1.0428  -1.0427  -1.0427  -1.0427
     -inf  -1.0407  -1.0394  -1.0391  -1.0393  -1.0396  -1.0395  -1.0393  -1.0394  -1.0394
     -inf  -1.0361  -1.0362  -1.0363  -1.0357  -1.0357  -1.0358  -1.0357  -1.0357  -1.0357
     -inf  -1.0315  -1.0311  -1.0314  -1.0318  -1.0316  -1.0316  -1.0317  -1.0317  -1.0318

          inf   9.1091e-01   9.1127e-01   9.1129e-01   9.1152e-01   9.1146e-01   9.1137e-01   9.1137e-01   9.1132e-01   9.1135e-01
          inf   9.1049e-01   9.1027e-01   9.0991e-01   9.0994e-01   9.0985e-01   9.0982e-01   9.0976e-01   9.0989e-01   9.0990e-01
          inf   9.0843e-01   9.0819e-01   9.0804e-01   9.0810e-01   9.0819e-01   9.0811e-01   9.0802e-01   9.0807e-01   9.0809e-01
          inf   9.0671e-01   9.0655e-01   9.0649e-01   9.0624e-01   9.0624e-01   9.0629e-01   9.0617e-01   9.0622e-01   9.0621e-01
          inf   9.0403e-01   9.0395e-01   9.0416e-01   9.0413e-01   9.0419e-01   9.0419e-01   9.0429e-01   9.0429e-01   9.0420e-01
          inf   9.0222e-01   9.0232e-01   9.0239e-01   9.0257e-01   9.0259e-01   9.0237e-01   9.0246e-01   9.0248e-01   9.0241e-01
          inf   9.0137e-01   9.0109e-01   9.0075e-01   9.0060e-01   9.0062e-01   9.0061e-01   9.0064e-01   9.0074e-01   9.0077e-01
          inf   8.9859e-01   8.9889e-01   8.9864e-01   8.9880e-01   8.9889e-01   8.9893e-01   8.9874e-01   8.9874e-01   8.9877e-01
          inf   8.9749e-01   8.9725e-01   8.9724e-01   8.9704e-01   8.9692e-01   8.9683e-01   8.9679e-01   8.9690e-01   8.9690e-01
          inf   8.9498e-01   8.9464e-01   8.9473e-01   8.9458e-01   8.9459e-01   8.9461e-01   8.9473e-01   8.9477e-01   8.9477e-01
          inf   8.9178e-01   8.9223e-01   8.9223e-01   8.9257e-01   8.9265e-01   8.9246e-01   8.9244e-01   8.9240e-01   8.9240e-01
          inf   8.9136e-01   8.9125e-01   8.9091e-01   8.9074e-01   8.9068e-01   8.9062e-01   8.9061e-01   8.9070e-01   8.9070e-01
          inf   8.8893e-01   8.8864e-01   8.8837e-01   8.8849e-01   8.8858e-01   8.8866e-01   8.8864e-01   8.8865e-01   8.8864e-01
          inf   8.8647e-01   8.8639e-01   8.8663e-01   8.8617e-01   8.8626e-01   8.8629e-01   8.8620e-01   8.8615e-01   8.8624e-01
          inf   8.8293e-01   8.8388e-01   8.8409e-01   8.8404e-01   8.8393e-01   8.8398e-01   8.8412e-01   8.8400e-01   8.8407e-01
          inf   8.8097e-01   8.8112e-01   8.8129e-01   8.8164e-01   8.8139e-01   8.8149e-01   8.8157e-01   8.8157e-01   8.8156e-01
          inf   8.8012e-01   8.7921e-01   8.7893e-01   8.7914e-01   8.7916e-01   8.7892e-01   8.7905e-01   8.7911e-01   8.7904e-01
          inf   8.7805e-01   8.7699e-01   8.7687e-01   8.7695e-01   8.7697e-01   8.7689e-01   8.7697e-01   8.7703e-01   8.7693e-01
          inf   8.7448e-01   8.7448e-01   8.7441e-01   8.7434e-01   8.7445e-01   8.7442e-01   8.7432e-01   8.7439e-01   8.7435e-01
          inf   8.7167e-01   8.7167e-01   8.7184e-01   8.7158e-01   8.7156e-01   8.7150e-01   8.7157e-01   8.7155e-01   8.7154e-01
          inf   8.6739e-01   8.6803e-01   8.6852e-01   8.6890e-01   8.6892e-01   8.6888e-01   8.6900e-01   8.6877e-01   8.6873e-01
          inf   8.6621e-01   8.6616e-01   8.6600e-01   8.6651e-01   8.6656e-01   8.6625e-01   8.6620e-01   8.6620e-01   8.6627e-01
          inf   8.6378e-01   8.6437e-01   8.6350e-01   8.6303e-01   8.6328e-01   8.6335e-01   8.6336e-01   8.6328e-01   8.6351e-01
          inf   8.5860e-01   8.6053e-01   8.6092e-01   8.6114e-01   8.6095e-01   8.6118e-01   8.6099e-01   8.6083e-01   8.6087e-01
          inf   8.5906e-01   8.5837e-01   8.5870e-01   8.5713e-01   8.5723e-01   8.5717e-01   8.5726e-01   8.5739e-01   8.5750e-01
          inf   8.5285e-01   8.5296e-01   8.5344e-01   8.5363e-01   8.5382e-01   8.5394e-01   8.5398e-01   8.5391e-01   8.5380e-01
          inf   8.5105e-01   8.5045e-01   8.5078e-01   8.5098e-01   8.5081e-01   8.5039e-01   8.5033e-01   8.5043e-01   8.5048e-01
          inf   8.4674e-01   8.4621e-01   8.4582e-01   8.4577e-01   8.4609e-01   8.4641e-01   8.4660e-01   8.4659e-01   8.4651e-01
          inf   8.4470e-01   8.4440e-01   8.4466e-01   8.4488e-01   8.4439e-01   8.4418e-01   8.4403e-01   8.4400e-01   8.4409e-01
          inf   8.4223e-01   8.4110e-01   8.4089e-01   8.4030e-01   8.3990e-01   8.4002e-01   8.4026e-01   8.4046e-01   8.4047e-01
          inf   8.3451e-01   8.3561e-01   8.3591e-01   8.3624e-01   8.3651e-01   8.3622e-01   8.3635e-01   8.3625e-01   8.3615e-01
          inf   8.3469e-01   8.3375e-01   8.3275e-01   8.3224e-01   8.3256e-01   8.3217e-01   8.3202e-01   8.3245e-01   8.3237e-01
          inf   8.2659e-01   8.2933e-01   8.2847e-01   8.2872e-01   8.2861e-01   8.2878e-01   8.2877e-01   8.2860e-01   8.2888e-01
          inf   8.2371e-01   8.2344e-01   8.2388e-01   8.2445e-01   8.2400e-01   8.2409e-01   8.2410e-01   8.2423e-01   8.2403e-01
          inf   8.2061e-01   8.1999e-01   8.2084e-01   8.2068e-01   8.2072e-01   8.2029e-01   8.1990e-01   8.1978e-01   8.1967e-01
          inf   8.1301e-01   8.1020e-01   8.1200e-01   8.1279e-01   8.1332e-01   8.1231e-01   8.1298e-01   8.1325e-01   8.1241e-01
          inf   8.1376e-01   8.0974e-01   8.0934e-01   8.0970e-01   8.1044e-01   8.0923e-01   8.0912e-01   8.0979e-01   8.0914e-01
          inf   7.9726e-01   8.0382e-01   8.0134e-01   8.0207e-01   8.0283e-01   8.0241e-01   8.0264e-01   8.0177e-01   8.0282e-01
          inf   8.0087e-01   8.0077e-01   7.9927e-01   7.9933e-01   7.9893e-01   7.9983e-01   7.9962e-01   8.0007e-01   7.9990e-01
          inf   7.9146e-01   7.9403e-01   7.9496e-01   7.9177e-01   7.9241e-01   7.9226e-01   7.9269e-01   7.9226e-01   7.9269e-01
          inf   7.8555e-01   7.8587e-01   7.8712e-01   7.8671e-01   7.8678e-01   7.8693e-01   7.8719e-01   7.8713e-01   7.8685e-01
          inf   7.6762e-01   7.7231e-01   7.7267e-01   7.7428e-01   7.7577e-01   7.7512e-01   7.7698e-01   7.7656e-01   7.7615e-01
          inf   7.6844e-01   7.7238e-01   7.7023e-01   7.7135e-01   7.7189e-01   7.7264e-01   7.7007e-01   7.7013e-01   7.7087e-01
          inf   7.7270e-01   7.6928e-01   7.6803e-01   7.6578e-01   7.6631e-01   7.6616e-01   7.6487e-01   7.6543e-01   7.6598e-01
          inf   7.5685e-01   7.5554e-01   7.5503e-01   7.5703e-01   7.5484e-01   7.5472e-01   7.5488e-01   7.5515e-01   7.5536e-01
          inf   7.4684e-01   7.5028e-01   7.4881e-01   7.4502e-01   7.4102e-01   7.4249e-01   7.4445e-01   7.4446e-01   7.4600e-01
         -inf  -7.3654e-01  -7.3946e-01  -7.3869e-01  -7.3788e-01  -7.3666e-01  -7.3733e-01  -7.3725e-01  -5.6558e-01  -4.1996e-01
          inf   7.2692e-01   7.3052e-01   7.2703e-01   7.2715e-01   6.9650e-01   4.5840e-01   2.9003e-01   1.6257e-01   6.3156e-02
          inf   7.1962e-01   7.1457e-01   4.3886e-01   2.5173e-01   5.8491e-02  -7.3580e-02  -1.6576e-01  -2.3526e-01  -2.8771e-01
          inf   7.1367e-01   7.0210e-01   6.9348e-01   6.9360e-01   6.9586e-01   6.4518e-01   4.5589e-01   3.0981e-01   1.9869e-01
          inf   6.8704e-01   6.8780e-01   6.9459e-01   6.9575e-01   6.9528e-01   6.7313e-01   4.7738e-01   3.2766e-01   2.1799e-01
          inf   6.7019e-01   6.7640e-01   6.8093e-01   6.7067e-01   6.7135e-01   6.6192e-01   6.6401e-01   6.5973e-01   6.6193e-01
          inf   6.6164e-01   5.5191e-01   1.4662e-01  -5.8379e-02  -1.7089e-01  -1.7360e-01  -2.4417e-01  -2.9923e-01  -3.3556e-01
          inf   5.0068e-01   1.7495e-01   2.7069e-01   3.7335e-02   1.5455e-01   1.7331e-01   5.8909e-02  -2.7371e-02   6.1752e-03
          inf   2.0225e-02  -3.7367e-02  -2.3048e-01  -2.3583e-01  -3.0468e-01  -1.5861e-01  -4.4011e-02  -2.1602e-02  -2.0551e-02
         -inf  -5.2440e-01  -3.1980e-01   1.9895e-04  -3.3451e-02  -1.4567e-01  -2.2163e-01  -1.3818e-01  -1.8336e-01  -1.9303e-01
          inf  -1.8434e-01   1.9554e-01   3.3827e-01   3.9897e-01   2.2807e-01   9.0337e-02  -2.5254e-03  -1.0822e-03  -4.5457e-02
          inf   2.2620e-01   5.2577e-02   9.2485e-02   6.1574e-03  -1.0055e-01  -1.4096e-01  -1.7447e-01  -1.8716e-01  -1.4540e-01
         -inf  -2.8906e-01  -1.8863e-01  -1.7919e-01  -2.6141e-01  -1.9242e-01  -1.9588e-01  -1.0999e-01  -1.3062e-01  -1.4252e-01
         -inf  -3.8927e-01  -2.3271e-01   9.0880e-03   5.5603e-03   9.6054e-02   6.6484e-02   1.0576e-01   1.3895e-01   1.3490e-01
         -inf  -2.1705e-01  -2.8038e-01  -1.3500e-01  -1.1559e-01  -1.6044e-01  -1.6171e-01  -1.7610e-01  -1.6336e-01  -1.8401e-01
         -inf  -1.0893e-01  -2.1001e-03  -1.2557e-01  -6.5681e-02  -6.2862e-02  -6.3671e-02  -6.7337e-02  -7.3957e-02  -4.4075e-02
         -inf   1.8065e-01   1.1978e-02   1.3201e-01   1.4825e-01   1.2066e-01   1.1004e-01   9.1045e-02   6.8899e-02   7.3303e-02
         -inf  -8.3144e-02  -2.3039e-03  -3.7633e-02  -6.9993e-02  -1.2414e-01  -4.7694e-02  -1.9943e-02  -1.9234e-02  -2.8736e-03
         -inf   4.6616e-02   1.0965e-01   1.3592e-01   7.7272e-02   4.5704e-02   6.7557e-02   3.0215e-02   3.1461e-02   4.6968e-02
         -inf   1.3943e-01   1.2466e-01   8.4700e-02   3.6753e-02   4.0575e-02   7.4488e-03   9.4292e-03   2.6015e-03   1.6597e-02
         -inf   8.2115e-02   1.4173e-01   1.3792e-01   1.6878e-01   1.1511e-01   6.7367e-02   7.7538e-02   4.6640e-02   3.8254e-02
          inf   1.2572e-03   4.4404e-03  -4.0562e-02  -2.7273e-03  -1.5587e-03  -1.6259e-02  -1.1476e-02   1.2733e-02   1.4197e-02
         -inf  -1.1877e-01  -5.3684e-02  -2.0224e-02   4.3531e-03  -1.4006e-02   2.2334e-02   5.6423e-04  -6.7645e-03   1.2322e-02
         -inf  -1.0429e-01   3.5246e-03   1.1239e-02  -1.2667e-03   2.8720e-03  -7.4191e-03  -1.4025e-02   6.0347e-03  -7.4013e-03
         -inf  -6.8193e-04   4.8255e-02   2.8337e-03   1.8957e-02   1.8948e-02   1.5684e-02  -1.4773e-04   8.4355e-03   2.0407e-03
          inf   5.0365e-02   2.8861e-02   1.9736e-02   1.8748e-02   2.1478e-02   1.2743e-02   1.2042e-03   3.6979e-03   1.4036e-02
         -inf   1.2637e-02  -2.6001e-02  -2.7644e-03  -3.2928e-03  -4.8187e-03  -1.5652e-02  -7.5585e-03   2.8617e-03   4.1494e-03
          inf   6.6694e-02   9.4643e-02   3.4945e-02   4.5265e-02   3.2151e-02   2.0671e-02   2.7115e-02   2.7166e-02   1.4344e-02
          inf  -3.5356e-02   2.9064e-03   1.3389e-03  -3.1447e-03  -1.0596e-02  -2.0483e-02  -3.1779e-02  -2.8954e-02  -1.6094e-02
         -inf  -2.8763e-02   6.1899e-03  -1.2289e-02  -1.7985e-04  -6.0544e-03  -1.6719e-02  -3.1938e-02  -3.9549e-02  -4.1088e-02
         -inf   4.0225e-03   1.5105e-02  -6.5418e-03   5.1067e-03   1.1215e-03   5.1204e-03   1.0492e-02   1.3403e-02   9.5283e-03
          inf  -1.7264e-02  -9.3759e-04  -4.4203e-03   3.4328e-03   1.7254e-02   2.0650e-02   1.9734e-02   1.5119e-02   6.7825e-03
          inf   2.2324e-02   3.0154e-02   3.1194e-02   3.5902e-02   3.4060e-02   3.1394e-02   2.1185e-02   2.5285e-02   2.4211e-02
         -inf  -2.7868e-02   1.8535e-02   3.2601e-02   1.6933e-02   1.1643e-02   1.6038e-02   1.9258e-02   2.1978e-02   1.9256e-02
          inf   4.7012e-02   2.2891e-03   1.2174e-02   4.1966e-03   6.7059e-03  -1.4380e-03   1.5156e-03  -2.0824e-03   5.8342e-04
          inf  -5.9818e-03  -1.3752e-02  -1.0870e-02  -2.5683e-03   3.6589e-03  -6.0989e-03  -5.6628e-03  -4.0535e-03  -6.3544e-03
         -inf  -1.9820e-02  -1.0766e-02  -4.5717e-03   4.1574e-03   2.3568e-03   1.1168e-03  -1.7191e-03  -1.0824e-04   1.2009e-03
         -inf   4.9783e-02   9.6381e-03   6.0092e-04  -3.4448e-03  -2.5709e-03  -6.5704e-03  -7.2499e-03  -6.4111e-03  -9.2666e-03
         -inf  -2.1238e-02  -3.1765e-03  -3.5921e-03  -1.3094e-02  -1.4550e-02  -1.8576e-02  -1.9679e-02  -1.7344e-02  -2.0410e-02
         -inf   2.9734e-02   1.4062e-02   9.8028e-03   1.4419e-02   1.9714e-02   1.0257e-02   9.3937e-03   1.4327e-03   5.6246e-04
          inf   1.1319e-02  -3.3965e-03   5.0598e-03   6.3944e-03   7.6764e-03  -5.5713e-03  -1.8409e-03  -1.8312e-03  -6.4450e-03
          inf  -4.4560e-03  -5.2345e-04  -3.0864e-03   8.7381e-04  -1.1549e-03  -4.8285e-03  -2.8486e-03  -5.2310e-03  -1.8642e-03
          inf   2.9276e-02   1.5902e-02   8.3311e-03   1.3667e-02   9.8015e-03   9.3915e-03   1.8773e-03   3.8092e-04  -3.5639e-03
         -inf  -1.7403e-02  -5.7475e-03  -2.6015e-03  -2.6460e-04   4.1451e-03   7.4575e-04  -2.8908e-04  -1.8027e-03  -1.5842e-03
         -inf   2.0934e-03  -8.1451e-04  -7.0398e-03  -9.8895e-03  -4.2954e-03  -5.9626e-03  -9.5452e-03  -3.0075e-03  -2.8327e-03
          inf  -1.8802e-02  -9.9934e-03  -5.2798e-03  -3.6135e-03   1.4810e-03  -3.3818e-03  -3.3222e-03   1.2495e-03   4.8041e-03
         -inf   2.3078e-03  -2.7393e-03  -5.4190e-04  -3.1493e-03  -1.2120e-04   3.5829e-03   3.8715e-03   2.9357e-03   5.3325e-04
         -inf  -4.8001e-03  -2.0335e-03   1.3622e-03  -7.1523e-05   1.1483e-03   5.6670e-04   1.1562e-03   2.7670e-03   2.0695e-03
         -inf  -1.3366e-03  -2.1571e-03  -1.1836e-03   4.3956e-03  -1.6920e-03   1.1393e-03  -2.5917e-03  -2.4254e-03   1.4331e-03
         -inf  -1.4672e-02  -1.4753e-02  -7.4780e-03  -7.6585e-03  -6.9021e-03  -7.7958e-04  -6.0430e-04  -2.1825e-03   2.1639e-04
         -inf   5.4710e-03   1.4199e-02   1.0832e-02   4.9163e-03  -9.0812e-04  -6.8734e-04  -3.6946e-03  -5.7107e-03  -3.0773e-03
          inf  -4.2902e-04   1.2245e-05  -2.5638e-03  -2.6466e-03   6.0966e-05  -2.4330e-03  -8.3323e-04   6.7342e-04   1.8001e-03
          inf   8.0241e-03  -3.6263e-04  -7.4618e-04  -2.6900e-03  -2.9321e-03  -7.6149e-03  -4.4652e-03  -2.5160e-03  -3.6773e-03
         -inf  -1.6447e-02  -6.3124e-03  -4.8764e-03  -7.3809e-04  -3.2183e-04  -4.2565e-03  -3.3101e-03  -3.0917e-03  -2.2502e-03
          inf  -1.4875e-02  -1.4120e-02  -9.1361e-03  -4.3991e-03  -3.7911e-03  -4.3198e-03  -3.1445e-03  -5.6884e-03  -5.9992e-03
         -inf  -5.1479e-04  -3.6259e-03   2.7290e-06  -5.4621e-03  -2.7587e-03  -1.2917e-03  -3.7472e-04   1.9347e-03   2.6557e-03
          inf   7.5649e-03   1.0115e-02   7.3911e-03   5.3265e-03   7.8594e-03   9.9192e-03   1.0985e-02   1.1546e-02   9.3865e-03
         -inf  -3.8230e-05  -2.5041e-03   2.3495e-03   2.8821e-03   5.4160e-03   4.2375e-03   4.2381e-03   2.2224e-03   2.8100e-03
         -inf   8.3737e-04  -6.0031e-03  -3.7319e-03  -3.1047e-03  -4.0573e-03  -5.4501e-03  -5.8923e-03  -6.1200e-03  -6.7253e-03
          inf  -2.7602e-03   1.3041e-03   2.1194e-03   1.9286e-03   4.0260e-04   1.7014e-03   1.3993e-03  -6.4011e-04   2.1035e-04
         -inf   1.4277e-02   9.3446e-03   1.6357e-03   5.3473e-03   7.2685e-03   5.8102e-03   5.6911e-03   6.1120e-03   6.4857e-03
         -inf   2.3914e-03   3.1568e-03   2.2083e-03   8.3879e-04  -2.4865e-03   6.8616e-04  -5.2082e-04  -1.4768e-03  -5.7865e-04
         -inf  -6.6110e-04  -3.0494e-04   2.4754e-03   4.1058e-03   1.8293e-03   4.1540e-03   4.2887e-03   3.0312e-03   1.5791e-03
          inf   1.0454e-02   1.3528e-02   9.8968e-03   1.0719e-02   5.7818e-03   4.3378e-03   6.1841e-05  -1.3590e-03  -1.9454e-03
         -inf   1.0119e-02   9.9228e-04   6.8277e-03   4.7783e-03   5.5012e-03   5.5962e-03   5.7191e-03   5.7305e-03   4.6941e-03
         -inf  -1.7628e-02  -1.1097e-02  -1.2071e-02  -8.8479e-03  -8.2239e-03  -6.6719e-03  -3.9374e-03  -5.0453e-03  -4.0586e-03
          inf  -5.3923e-03  -5.2087e-03  -1.5263e-03   1.4446e-03   3.2366e-03   2.6625e-03   1.7804e-03   4.4004e-04   1.2880e-03
         -inf  -8.5689e-03  -7.4056e-03  -4.3475e-03  -4.5731e-03  -3.3747e-03  -4.1910e-03  -4.3962e-03  -4.8183e-03  -4.3597e-03
         -inf   6.1581e-03   5.4649e-03   3.1022e-03  -3.6874e-04   8.7219e-04   3.0663e-04  -6.9890e-04   2.3106e-04   1.7830e-03
         -inf  -9.0589e-03  -4.2208e-03   9.5074e-04   3.1505e-03   5.0006e-03   5.7808e-03   3.8259e-03   3.6751e-03   4.0475e-03
         -inf   7.2592e-03   2.4778e-03   1.3448e-03   1.7927e-03   1.7988e-03   1.6040e-03   2.6391e-03   1.6439e-03   1.8835e-03
          inf   5.6967e-03   4.3108e-03  -2.1918e-03   5.3270e-04  -4.0099e-04  -7.1240e-04  -7.4680e-04  -5.0770e-04  -1.0050e-03
         -inf   1.0966e-02   5.1066e-03   4.7286e-03   3.1440e-03   1.5152e-03   1.0975e-03   2.0023e-03   9.4444e-04   1.3507e-03
          inf   9.9646e-03   7.6182e-03   5.9150e-03   3.6598e-03   1.7982e-03   1.2036e-03   7.7352e-04   1.2992e-04   1.5980e-03

      inf   0.9109   0.9113   0.9113   0.9115   0.9115   0.9114   0.9114   0.9113   0.9114
      inf   0.9105   0.9103   0.9099   0.9099   0.9098   0.9098   0.9098   0.9099   0.9099
      inf   0.9084   0.9082   0.9080   0.9081   0.9082   0.9081   0.9080   0.9081   0.9081
      inf   0.9067   0.9065   0.9065   0.9062   0.9062   0.9063   0.9062   0.9062   0.9062
      inf   0.9040   0.9039   0.9042   0.9041   0.9042   0.9042   0.9043   0.9043   0.9042
      inf   0.9022   0.9023   0.9024   0.9026   0.9026   0.9024   0.9025   0.9025   0.9024
      inf   0.9014   0.9011   0.9007   0.9006   0.9006   0.9006   0.9006   0.9007   0.9008
      inf   0.8986   0.8989   0.8986   0.8988   0.8989   0.8989   0.8987   0.8987   0.8988
      inf   0.8975   0.8973   0.8972   0.8970   0.8969   0.8968   0.8968   0.8969   0.8969
      inf   0.8950   0.8946   0.8947   0.8946   0.8946   0.8946   0.8947   0.8948   0.8948
      inf   0.8918   0.8922   0.8922   0.8926   0.8926   0.8925   0.8924   0.8924   0.8924
      inf   0.8914   0.8913   0.8909   0.8907   0.8907   0.8906   0.8906   0.8907   0.8907
      inf   0.8889   0.8886   0.8884   0.8885   0.8886   0.8887   0.8886   0.8886   0.8886
      inf   0.8865   0.8864   0.8866   0.8862   0.8863   0.8863   0.8862   0.8861   0.8862
      inf   0.8829   0.8839   0.8841   0.8840   0.8839   0.8840   0.8841   0.8840   0.8841
      inf   0.8810   0.8811   0.8813   0.8816   0.8814   0.8815   0.8816   0.8816   0.8816
      inf   0.8801   0.8792   0.8789   0.8791   0.8792   0.8789   0.8790   0.8791   0.8790
      inf   0.8780   0.8770   0.8769   0.8769   0.8770   0.8769   0.8770   0.8770   0.8769
      inf   0.8745   0.8745   0.8744   0.8743   0.8745   0.8744   0.8743   0.8744   0.8743
      inf   0.8717   0.8717   0.8718   0.8716   0.8716   0.8715   0.8716   0.8716   0.8715
      inf   0.8674   0.8680   0.8685   0.8689   0.8689   0.8689   0.8690   0.8688   0.8687
      inf   0.8662   0.8662   0.8660   0.8665   0.8666   0.8662   0.8662   0.8662   0.8663
      inf   0.8638   0.8644   0.8635   0.8630   0.8633   0.8633   0.8634   0.8633   0.8635
      inf   0.8586   0.8605   0.8609   0.8611   0.8609   0.8612   0.8610   0.8608   0.8609
      inf   0.8591   0.8584   0.8587   0.8571   0.8572   0.8572   0.8573   0.8574   0.8575
      inf   0.8528   0.8530   0.8534   0.8536   0.8538   0.8539   0.8540   0.8539   0.8538
      inf   0.8510   0.8505   0.8508   0.8510   0.8508   0.8504   0.8503   0.8504   0.8505
      inf   0.8467   0.8462   0.8458   0.8458   0.8461   0.8464   0.8466   0.8466   0.8465
      inf   0.8447   0.8444   0.8447   0.8449   0.8444   0.8442   0.8440   0.8440   0.8441
      inf   0.8422   0.8411   0.8409   0.8403   0.8399   0.8400   0.8403   0.8405   0.8405
      inf   0.8345   0.8356   0.8359   0.8362   0.8365   0.8362   0.8364   0.8362   0.8362
      inf   0.8347   0.8337   0.8327   0.8322   0.8326   0.8322   0.8320   0.8325   0.8324
      inf   0.8266   0.8293   0.8285   0.8287   0.8286   0.8288   0.8288   0.8286   0.8289
      inf   0.8237   0.8234   0.8239   0.8245   0.8240   0.8241   0.8241   0.8242   0.8240
      inf   0.8206   0.8200   0.8208   0.8207   0.8207   0.8203   0.8199   0.8198   0.8197
      inf   0.8130   0.8102   0.8120   0.8128   0.8133   0.8123   0.8130   0.8133   0.8124
      inf   0.8138   0.8097   0.8093   0.8097   0.8104   0.8092   0.8091   0.8098   0.8091
      inf   0.7973   0.8038   0.8013   0.8021   0.8028   0.8024   0.8026   0.8018   0.8028
      inf   0.8009   0.8008   0.7993   0.7993   0.7989   0.7998   0.7996   0.8001   0.7999
      inf   0.7915   0.7940   0.7950   0.7918   0.7924   0.7923   0.7927   0.7923   0.7927
      inf   0.7855   0.7859   0.7871   0.7867   0.7868   0.7869   0.7872   0.7871   0.7869
      inf   0.7676   0.7723   0.7727   0.7743   0.7758   0.7751   0.7770   0.7766   0.7762
      inf   0.7684   0.7724   0.7702   0.7713   0.7719   0.7726   0.7701   0.7701   0.7709
      inf   0.7727   0.7693   0.7680   0.7658   0.7663   0.7662   0.7649   0.7654   0.7660
      inf   0.7568   0.7555   0.7550   0.7570   0.7548   0.7547   0.7549   0.7551   0.7554
      inf   0.7468   0.7503   0.7488   0.7450   0.7410   0.7425   0.7444   0.7445   0.7460
      inf   0.7365   0.7395   0.7387   0.7379   0.7367   0.7373   0.7372   0.7333   0.7346
      inf   0.7269   0.7305   0.7270   0.7272   0.7210   0.7229   0.7225   0.7234   0.7244
      inf   0.7196   0.7146   0.7051   0.6831   0.6894   0.6968   0.6999   0.7027   0.7032
      inf   0.7137   0.7021   0.6935   0.6937   0.6960   0.6934   0.6923   0.6949   0.6944
      inf   0.6893   0.6890   0.6954   0.6963   0.6957   0.6931   0.6937   0.6970   0.6931
      inf   0.6702   0.6764   0.6809   0.6718   0.6722   0.6627   0.6647   0.6617   0.6637
      inf   0.6616   0.6520   0.6560   0.6603   0.6525   0.6438   0.6472   0.6519   0.6491
      inf   0.5917   0.6143   0.6102   0.6233   0.6291   0.6140   0.6204   0.6218   0.6198
      inf   0.5893   0.5764   0.5900   0.5931   0.5922   0.5889   0.5967   0.5972   0.5897
      inf   0.5674   0.5178   0.5586   0.5453   0.5552   0.5630   0.5675   0.5663   0.5575
      inf   0.5099   0.5472   0.5727   0.5748   0.5712   0.5757   0.5738   0.5690   0.5679
      inf   0.4704   0.5021   0.5079   0.5081   0.5121   0.5169   0.5171   0.5148   0.5119
      inf   0.5380   0.4980   0.5128   0.5138   0.5075   0.4942   0.5059   0.5081   0.5049
      inf   0.4794   0.4772   0.4832   0.4726   0.4721   0.4600   0.4645   0.4641   0.4673
      inf   0.4556   0.4559   0.4279   0.4325   0.4416   0.4369   0.4356   0.4356   0.4382
      inf   0.3978   0.3962   0.4260   0.4126   0.4198   0.4197   0.4098   0.4073   0.4046
      inf   0.3776   0.3790   0.3871   0.3876   0.3951   0.3977   0.3920   0.3900   0.3911
      inf   0.4121   0.3817   0.3953   0.3902   0.3909   0.3927   0.3856   0.3787   0.3898
      inf   0.3291   0.3296   0.3321   0.3324   0.3398   0.3311   0.3306   0.3329   0.3314
      inf   0.2912   0.3212   0.3138   0.3210   0.3252   0.3227   0.3253   0.3243   0.3241
      inf   0.3059   0.3103   0.3248   0.3266   0.3197   0.3267   0.3256   0.3253   0.3239
      inf   0.3198   0.2949   0.3036   0.3009   0.2960   0.3126   0.3024   0.3024   0.2989
      inf   0.3194   0.2912   0.2613   0.2685   0.2755   0.2782   0.2818   0.2808   0.2844
      inf   0.2824   0.2994   0.2836   0.2796   0.2766   0.2718   0.2749   0.2731   0.2748
      inf   0.2621   0.2476   0.2359   0.2358   0.2445   0.2431   0.2487   0.2496   0.2504
      inf   0.2340   0.2480   0.2466   0.2393   0.2305   0.2328   0.2315   0.2333   0.2341
      inf   0.2224   0.2169   0.2369   0.2360   0.2328   0.2334   0.2371   0.2336   0.2344
      inf   0.1877   0.2122   0.2138   0.2185   0.2269   0.2262   0.2221   0.2222   0.2247
      inf   0.2030   0.1946   0.1887   0.1966   0.1972   0.2051   0.2034   0.2045   0.2073
      inf   0.2052   0.1988   0.1960   0.1983   0.1964   0.1989   0.2018   0.2035   0.2009
      inf   0.2027   0.1891   0.1911   0.1967   0.1924   0.1926   0.1918   0.1933   0.1932
      inf   0.1906   0.1830   0.1875   0.1920   0.1937   0.1946   0.1921   0.1958   0.1970
      inf   0.1763   0.1862   0.1939   0.1907   0.1899   0.1870   0.1839   0.1876   0.1863
      inf   0.1602   0.1728   0.1689   0.1659   0.1637   0.1687   0.1690   0.1711   0.1728
      inf   0.1456   0.1626   0.1585   0.1636   0.1615   0.1658   0.1652   0.1657   0.1657
      inf   0.1533   0.1548   0.1593   0.1611   0.1599   0.1615   0.1611   0.1589   0.1600
      inf   0.1559   0.1591   0.1528   0.1508   0.1545   0.1547   0.1542   0.1535   0.1541
      inf   0.1548   0.1527   0.1569   0.1596   0.1575   0.1566   0.1559   0.1538   0.1531
      inf   0.1429   0.1519   0.1494   0.1487   0.1476   0.1494   0.1501   0.1497   0.1497
      inf   0.1295   0.1403   0.1406   0.1415   0.1424   0.1462   0.1464   0.1483   0.1475
      inf   0.1327   0.1370   0.1385   0.1414   0.1402   0.1444   0.1422   0.1416   0.1419
      inf   0.1471   0.1367   0.1374   0.1345   0.1333   0.1320   0.1309   0.1327   0.1328
      inf   0.1282   0.1291   0.1344   0.1381   0.1362   0.1340   0.1355   0.1361   0.1364
      inf   0.1336   0.1346   0.1309   0.1320   0.1338   0.1332   0.1333   0.1325   0.1318
      inf   0.1254   0.1245   0.1230   0.1258   0.1272   0.1271   0.1275   0.1264   0.1269
      inf   0.1194   0.1196   0.1236   0.1241   0.1242   0.1255   0.1258   0.1274   0.1275
      inf   0.1273   0.1269   0.1263   0.1236   0.1276   0.1281   0.1284   0.1285   0.1284
      inf   0.1080   0.1141   0.1142   0.1137   0.1133   0.1143   0.1136   0.1142   0.1162
      inf   0.1166   0.1186   0.1173   0.1174   0.1176   0.1172   0.1172   0.1169   0.1179
      inf   0.1138   0.1100   0.1122   0.1148   0.1149   0.1157   0.1154   0.1157   0.1155
      inf   0.1142   0.1161   0.1173   0.1164   0.1177   0.1190   0.1189   0.1176   0.1172
      inf   0.1114   0.1083   0.1092   0.1104   0.1110   0.1122   0.1115   0.1106   0.1108
      inf   0.1125   0.1133   0.1113   0.1095   0.1096   0.1117   0.1112   0.1110   0.1115
      inf   0.1163   0.1122   0.1105   0.1093   0.1095   0.1084   0.1079   0.1077   0.1083
      inf   0.0966   0.0986   0.1035   0.1038   0.1027   0.1034   0.1036   0.1032   0.1040
      inf   0.1108   0.1064   0.1064   0.1062   0.1047   0.1043   0.1058   0.1062   0.1061
      inf   0.0932   0.0996   0.0999   0.1014   0.1001   0.1015   0.1012   0.1018   0.1017
      inf   0.1031   0.1015   0.1027   0.1021   0.1002   0.0999   0.1002   0.0991   0.0993
      inf   0.1016   0.1008   0.1005   0.0982   0.0989   0.0998   0.0995   0.0995   0.0998
      inf   0.0979   0.0987   0.0991   0.0980   0.0980   0.0973   0.0970   0.0966   0.0968
      inf   0.0965   0.0958   0.0962   0.0948   0.0938   0.0937   0.0934   0.0933   0.0934
      inf   0.0890   0.0887   0.0919   0.0924   0.0935   0.0935   0.0935   0.0934   0.0935
      inf   0.0864   0.0906   0.0934   0.0935   0.0941   0.0935   0.0925   0.0929   0.0926
      inf   0.0882   0.0906   0.0926   0.0933   0.0929   0.0935   0.0938   0.0942   0.0936
      inf   0.0864   0.0912   0.0911   0.0904   0.0904   0.0891   0.0890   0.0888   0.0887
      inf   0.0886   0.0895   0.0904   0.0896   0.0893   0.0899   0.0900   0.0900   0.0898
      inf   0.0917   0.0864   0.0879   0.0880   0.0887   0.0905   0.0897   0.0889   0.0887
      inf   0.0860   0.0878   0.0870   0.0883   0.0873   0.0864   0.0866   0.0869   0.0866
      inf   0.0853   0.0866   0.0870   0.0863   0.0865   0.0865   0.0867   0.0867   0.0874
      inf   0.0846   0.0878   0.0863   0.0865   0.0867   0.0861   0.0862   0.0860   0.0865
      inf   0.0892   0.0864   0.0848   0.0852   0.0856   0.0849   0.0846   0.0846   0.0848
      inf   0.0838   0.0828   0.0825   0.0836   0.0841   0.0836   0.0838   0.0845   0.0843
      inf   0.0775   0.0784   0.0800   0.0799   0.0812   0.0808   0.0810   0.0810   0.0812
      inf   0.0821   0.0829   0.0809   0.0809   0.0803   0.0810   0.0812   0.0811   0.0813

      nan   0.7188   0.7184   0.7251   0.7236   0.7241   0.7254   0.7267   0.7247   0.7236
      nan   0.7139   0.7224   0.7271   0.7287   0.7282   0.7291   0.7339   0.7297   0.7304
      nan   0.7433   0.7434   0.7424   0.7478   0.7426   0.7437   0.7441   0.7442   0.7437
      nan   0.7528   0.7567   0.7526   0.7539   0.7557   0.7541   0.7538   0.7535   0.7548
      nan   0.7665   0.7720   0.7686   0.7656   0.7651   0.7679   0.7654   0.7637   0.7668
      nan   0.7527   0.7628   0.7730   0.7705   0.7700   0.7742   0.7750   0.7725   0.7725
      nan   0.7631   0.7761   0.7754   0.7829   0.7812   0.7817   0.7852   0.7815   0.7822
      nan   0.8069   0.7940   0.7984   0.8008   0.7966   0.7947   0.7957   0.7967   0.7956
      nan   0.8106   0.8050   0.8014   0.8033   0.8061   0.8071   0.8058   0.8067   0.8067
      nan   0.8069   0.8151   0.8178   0.8145   0.8150   0.8171   0.8153   0.8139   0.8145
      nan   0.8179   0.8167   0.8265   0.8231   0.8222   0.8264   0.8288   0.8270   0.8272
      nan   0.8188   0.8236   0.8285   0.8348   0.8345   0.8329   0.8366   0.8356   0.8346
      nan   0.8388   0.8480   0.8468   0.8506   0.8497   0.8458   0.8459   0.8450   0.8475
      nan   0.8841   0.8728   0.8616   0.8671   0.8622   0.8632   0.8622   0.8641   0.8649
      nan   0.8819   0.8703   0.8751   0.8719   0.8743   0.8787   0.8751   0.8760   0.8744
      nan   0.8885   0.8992   0.9073   0.8936   0.8934   0.8910   0.8890   0.8893   0.8897
      nan   0.8822   0.8941   0.8973   0.8979   0.8956   0.9038   0.9061   0.9052   0.9057
      nan   0.8960   0.9145   0.9156   0.9221   0.9210   0.9226   0.9186   0.9151   0.9171
      nan   0.9461   0.9542   0.9423   0.9372   0.9316   0.9294   0.9279   0.9324   0.9361
      nan   0.9295   0.9197   0.9285   0.9321   0.9430   0.9491   0.9424   0.9433   0.9392
      nan   0.9624   0.9821   0.9741   0.9608   0.9587   0.9541   0.9550   0.9578   0.9615
      nan   0.9570   0.9594   0.9637   0.9634   0.9648   0.9685   0.9698   0.9689   0.9666
      nan   0.9934   0.9920   0.9952   1.0066   0.9967   0.9893   0.9887   0.9891   0.9878
      nan   1.0281   1.0097   0.9918   0.9904   0.9868   0.9884   0.9885   0.9928   0.9928
      nan   1.0057   0.9968   0.9977   1.0175   1.0156   1.0181   1.0096   1.0106   1.0068
      nan   1.0614   1.0499   1.0394   1.0300   1.0281   1.0268   1.0291   1.0328   1.0331
      nan   1.0188   1.0379   1.0397   1.0360   1.0478   1.0469   1.0479   1.0441   1.0425
      nan   1.0695   1.1024   1.0927   1.0907   1.0862   1.0773   1.0785   1.0790   1.0847
      nan   1.0880   1.0935   1.0729   1.0860   1.0937   1.0972   1.0963   1.0962   1.0965
      nan   1.0988   1.1084   1.1090   1.1153   1.1160   1.1152   1.1066   1.1058   1.1070
      nan   1.1208   1.1238   1.1207   1.1122   1.1156   1.1239   1.1232   1.1248   1.1230
      nan   1.0835   1.1346   1.1435   1.1406   1.1462   1.1446   1.1423   1.1386   1.1408
      nan   1.1711   1.1400   1.1508   1.1553   1.1521   1.1514   1.1531   1.1540   1.1515
      nan   1.1993   1.1995   1.1712   1.1625   1.1716   1.1671   1.1726   1.1728   1.1799
      nan   1.2079   1.2039   1.1891   1.2030   1.2076   1.2099   1.2149   1.2188   1.2164
      nan   1.3022   1.3021   1.2827   1.2819   1.2733   1.2767   1.2700   1.2717   1.2761
      nan   1.2032   1.2708   1.2686   1.2566   1.2523   1.2766   1.2826   1.2691   1.2781
      nan   1.3870   1.3134   1.3520   1.3366   1.3185   1.3183   1.3146   1.3297   1.3155
      nan   1.2732   1.2582   1.2667   1.2792   1.2931   1.2893   1.3003   1.2932   1.2910
      nan   1.4041   1.3796   1.3622   1.3848   1.3813   1.3725   1.3644   1.3712   1.3685
      nan   1.3989   1.4187   1.3851   1.3779   1.3700   1.3650   1.3684   1.3663   1.3776
      nan   1.4468   1.4149   1.4412   1.4439   1.4286   1.4449   1.4344   1.4302   1.4267
      nan   1.5129   1.4375   1.4886   1.4936   1.4757   1.4625   1.5011   1.5028   1.4854
      nan   1.4160   1.4286   1.4613   1.4856   1.4865   1.4746   1.5052   1.5078   1.4980
      nan   1.5365   1.5603   1.5466   1.5210   1.5508   1.5526   1.5578   1.5512   1.5506
      nan   1.5121   1.5136   1.5607   1.6014   1.6116   1.5927   1.5823   1.5736   1.5669
      nan   1.6235   1.5945   1.6293   1.6226   1.6177   1.6209   1.6106   1.6491   1.6402
      nan   1.6885   1.6044   1.6595   1.6707   1.7164   1.6928   1.6882   1.6825   1.6726
      nan   1.6149   1.7101   1.8036   1.9963   1.9565   1.9029   1.8815   1.8430   1.8450
      nan   1.6710   1.8180   1.8555   1.8317   1.8179   1.8585   1.8810   1.8531   1.8646
      nan   1.9375   1.8821   1.8115   1.8110   1.8094   1.8519   1.8490   1.8313   1.8574
      nan   1.7954   1.8130   1.7746   1.9030   1.9100   1.9588   1.9496   1.9570   1.9448
      nan   1.9584   2.0036   1.9235   1.9275   1.9677   2.0476   1.9988   1.9811   1.9911
      nan   2.2830   2.1182   2.1239   2.0710   2.0645   2.1781   2.1264   2.1250   2.1314
      nan   2.1298   2.1928   2.2101   2.1963   2.1720   2.1780   2.1555   2.1342   2.1656
      nan   2.3575   2.3899   2.2587   2.2807   2.2761   2.2272   2.2584   2.2758   2.2869
      nan   2.1252   2.1915   2.1810   2.1474   2.1562   2.1230   2.1138   2.1269   2.1435
      nan   2.2845   2.2434   2.2578   2.2472   2.2110   2.2111   2.2039   2.2094   2.2216
      nan   2.0188   2.0684   2.1414   2.1257   2.1339   2.1762   2.2068   2.1878   2.1647
      nan   2.1429   2.1876   2.1736   2.1214   2.1610   2.1575   2.1517   2.1688   2.1645
      nan   2.2293   2.2206   2.2726   2.2284   2.1866   2.1418   2.1465   2.1320   2.1568
      nan   2.1040   2.0401   2.0466   2.0492   2.0566   2.0904   2.0397   2.0438   2.0450
      nan   1.9086   1.9436   2.0485   2.0180   2.0147   2.0408   2.0026   1.9949   1.9960
      nan   1.8662   1.8532   1.8799   1.8601   1.8758   1.8731   1.8804   1.8782   1.8957
      nan   1.7137   1.7123   1.7591   1.7571   1.7960   1.7593   1.7534   1.7396   1.7400
      nan   1.6033   1.6262   1.6392   1.6800   1.7000   1.6991   1.6855   1.6746   1.6781
      nan   1.5974   1.6114   1.6578   1.6817   1.6531   1.6753   1.6806   1.6863   1.6877
      nan   1.6002   1.5943   1.5871   1.5752   1.5585   1.6127   1.5848   1.5736   1.5668
      nan   1.7035   1.5945   1.5598   1.5757   1.5893   1.5675   1.5732   1.5628   1.5803
      nan   1.6308   1.6028   1.5812   1.5509   1.5526   1.5282   1.5343   1.5214   1.5093
      nan   1.4961   1.4359   1.4366   1.4343   1.4406   1.4484   1.4461   1.4553   1.4664
      nan   1.3117   1.4254   1.4200   1.4275   1.4126   1.4022   1.3952   1.3895   1.3972
      nan   1.3521   1.3104   1.3781   1.3736   1.3566   1.3519   1.3575   1.3554   1.3486
      nan   1.1907   1.2666   1.3138   1.3428   1.3681   1.3558   1.3576   1.3506   1.3514
      nan   1.2480   1.2347   1.2420   1.2692   1.2716   1.2875   1.2818   1.2784   1.2853
      nan   1.2734   1.2412   1.2379   1.2447   1.2509   1.2646   1.2736   1.2872   1.2819
      nan   1.2790   1.2214   1.2280   1.2413   1.2234   1.2305   1.2275   1.2232   1.2237
      nan   1.2826   1.2361   1.2295   1.2565   1.2527   1.2379   1.2322   1.2480   1.2462
      nan   1.1486   1.1646   1.2098   1.2090   1.1956   1.2000   1.1929   1.2092   1.2104
      nan   1.1240   1.1695   1.1658   1.1522   1.1549   1.1596   1.1521   1.1536   1.1622
      nan   1.1135   1.1703   1.1584   1.1502   1.1456   1.1577   1.1549   1.1478   1.1400
      nan   1.1265   1.0902   1.0927   1.0927   1.0931   1.0960   1.0961   1.1055   1.1097
      nan   1.1009   1.0912   1.0813   1.0802   1.0980   1.1078   1.1083   1.1067   1.1013
      nan   1.0973   1.0934   1.1087   1.1091   1.1026   1.1043   1.1051   1.0979   1.0900
      nan   1.0075   1.0494   1.0326   1.0353   1.0472   1.0446   1.0485   1.0470   1.0447
      nan   1.0242   1.0447   1.0576   1.0603   1.0570   1.0691   1.0673   1.0627   1.0614
      nan   1.0028   1.0255   1.0329   1.0333   1.0269   1.0373   1.0268   1.0244   1.0279
      nan   1.0158   1.0165   1.0025   0.9971   0.9942   0.9942   0.9938   0.9954   0.9943
      nan   0.9781   0.9846   1.0007   0.9966   0.9897   0.9822   0.9859   0.9868   0.9870
      nan   1.0118   0.9998   0.9885   0.9815   0.9916   0.9818   0.9779   0.9800   0.9761
      nan   0.9459   0.9586   0.9636   0.9660   0.9680   0.9733   0.9768   0.9764   0.9760
      nan   0.9519   0.9497   0.9595   0.9559   0.9519   0.9522   0.9529   0.9496   0.9487
      nan   0.9764   0.9587   0.9545   0.9434   0.9488   0.9453   0.9456   0.9435   0.9411
      nan   0.9493   0.9463   0.9381   0.9277   0.9272   0.9233   0.9248   0.9253   0.9302
      nan   0.8934   0.9259   0.9202   0.9210   0.9271   0.9231   0.9214   0.9226   0.9251
      nan   0.9105   0.9017   0.9121   0.9073   0.9033   0.9008   0.9043   0.9062   0.9083
      nan   0.8881   0.9120   0.8993   0.8996   0.9058   0.9054   0.9066   0.9036   0.9010
      nan   0.8655   0.8633   0.8602   0.8608   0.8696   0.8711   0.8741   0.8748   0.8784
      nan   0.8546   0.8428   0.8529   0.8611   0.8688   0.8773   0.8757   0.8748   0.8748
      nan   0.8593   0.8630   0.8722   0.8668   0.8708   0.8708   0.8684   0.8671   0.8725
      nan   0.8520   0.8641   0.8599   0.8571   0.8535   0.8603   0.8630   0.8618   0.8643
      nan   0.8416   0.8345   0.8406   0.8508   0.8564   0.8588   0.8644   0.8626   0.8591
      nan   0.8579   0.8400   0.8400   0.8469   0.8459   0.8461   0.8459   0.8432   0.8412
      nan   0.8178   0.8235   0.8338   0.8321   0.8300   0.8299   0.8291   0.8245   0.8244
      nan   0.8146   0.8034   0.8160   0.8187   0.8162   0.8135   0.8169   0.8156   0.8146
      nan   0.7911   0.8012   0.8080   0.8035   0.8069   0.8062   0.8074   0.8081   0.8085
      nan   0.7973   0.7945   0.7992   0.8009   0.7945   0.7952   0.7951   0.7926   0.7934
      nan   0.7889   0.7851   0.7909   0.7955   0.7949   0.8006   0.8004   0.7993   0.8004
      nan   0.7895   0.7760   0.7827   0.7870   0.7868   0.7852   0.7874   0.7878   0.7873
      nan   0.7729   0.7684   0.7760   0.7739   0.7761   0.7754   0.7799   0.7800   0.7809
      nan   0.7529   0.7638   0.7646   0.7679   0.7644   0.7610   0.7664   0.7647   0.7649
      nan   0.7513   0.7595   0.7618   0.7624   0.7624   0.7588   0.7584   0.7580   0.7586
      nan   0.7485   0.7484   0.7501   0.7527   0.7544   0.7558   0.7574   0.7606   0.7591
      nan   0.7335   0.7472   0.7506   0.7490   0.7459   0.7458   0.7433   0.7439   0.7452
      nan   0.7471   0.7537   0.7428   0.7392   0.7428   0.7423   0.7428   0.7423   0.7438
      nan   0.7250   0.7326   0.7362   0.7365   0.7353   0.7330   0.7335   0.7324   0.7329
      nan   0.7323   0.7369   0.7324   0.7332   0.7331   0.7345   0.7352   0.7337   0.7338
      nan   0.7450   0.7346   0.7227   0.7263   0.7241   0.7280   0.7268   0.7293   0.7276
      nan   0.7102   0.7150   0.7255   0.7237   0.7187   0.7181   0.7163   0.7186   0.7199
      nan   0.7181   0.7059   0.7100   0.7079   0.7078   0.7061   0.7052   0.7035   0.7024

          nan   3.8802e-01   3.8382e-01   3.8395e-01   3.7656e-01   3.7781e-01   3.8250e-01   3.8307e-01   3.8297e-01   3.8293e-01
          nan   3.5910e-01   3.6780e-01   3.8025e-01   3.7920e-01   3.8437e-01   3.8653e-01   3.9053e-01   3.8564e-01   3.8434e-01
          nan   3.9791e-01   4.0890e-01   4.1094e-01   4.1083e-01   4.0516e-01   4.0594e-01   4.0761e-01   4.0644e-01   4.0677e-01
          nan   4.1119e-01   4.3412e-01   4.2723e-01   4.3054e-01   4.3278e-01   4.2967e-01   4.3185e-01   4.3052e-01   4.3375e-01
          nan   4.5565e-01   4.8907e-01   4.7059e-01   4.6391e-01   4.6048e-01   4.6638e-01   4.5934e-01   4.5724e-01   4.6675e-01
          nan   4.4911e-01   4.5754e-01   4.6297e-01   4.6135e-01   4.6034e-01   4.7981e-01   4.7713e-01   4.7317e-01   4.7360e-01
          nan   4.6809e-01   4.8381e-01   4.8653e-01   5.0827e-01   5.0231e-01   5.0010e-01   4.9850e-01   4.9321e-01   4.9080e-01
          nan   5.5882e-01   5.2049e-01   5.1999e-01   5.1437e-01   5.0721e-01   5.0164e-01   5.1617e-01   5.2078e-01   5.1749e-01
          nan   5.0111e-01   5.0386e-01   4.9878e-01   5.0763e-01   5.2922e-01   5.3347e-01   5.3099e-01   5.2708e-01   5.2454e-01
          nan   5.2417e-01   5.6921e-01   5.6359e-01   5.5817e-01   5.5480e-01   5.5485e-01   5.4902e-01   5.4592e-01   5.4546e-01
          nan   6.3180e-01   5.9387e-01   5.9370e-01   5.8917e-01   5.8560e-01   5.9522e-01   6.0315e-01   6.0515e-01   6.0124e-01
          nan   5.8903e-01   5.7960e-01   5.9034e-01   6.0915e-01   6.0757e-01   6.0778e-01   6.0865e-01   6.0639e-01   6.0278e-01
          nan   5.8344e-01   6.2187e-01   6.2301e-01   6.2075e-01   6.1893e-01   6.0949e-01   6.1056e-01   6.0808e-01   6.1238e-01
          nan   6.7248e-01   6.5977e-01   6.3640e-01   6.8181e-01   6.6927e-01   6.6784e-01   6.6759e-01   6.6964e-01   6.6537e-01
          nan   7.8699e-01   7.0823e-01   6.9755e-01   6.8766e-01   7.0296e-01   6.9937e-01   6.8935e-01   7.0147e-01   6.9276e-01
          nan   7.6067e-01   7.6269e-01   7.5441e-01   7.3230e-01   7.4416e-01   7.3709e-01   7.2972e-01   7.3102e-01   7.2978e-01
          nan   7.2227e-01   7.7170e-01   8.0727e-01   7.9104e-01   7.7717e-01   8.0237e-01   7.9884e-01   7.9282e-01   7.9560e-01
          nan   7.1700e-01   8.0934e-01   8.0303e-01   8.0585e-01   7.9509e-01   8.1460e-01   8.0366e-01   7.9595e-01   8.0680e-01
          nan   8.2775e-01   8.4526e-01   8.5620e-01   8.5848e-01   8.4654e-01   8.4187e-01   8.3929e-01   8.4280e-01   8.4403e-01
          nan   8.9546e-01   8.3985e-01   8.6396e-01   8.8680e-01   9.0652e-01   9.1150e-01   9.0009e-01   9.0112e-01   8.8946e-01
          nan   1.0366e+00   1.0304e+00   9.7375e-01   9.3698e-01   9.3090e-01   9.2030e-01   9.1985e-01   9.4316e-01   9.4941e-01
          nan   9.7201e-01   9.4286e-01   9.6658e-01   9.5400e-01   9.4836e-01   9.6961e-01   9.7372e-01   9.7433e-01   9.6266e-01
          nan   1.0583e+00   9.9592e-01   1.0420e+00   1.1218e+00   1.0737e+00   1.0619e+00   1.0587e+00   1.0616e+00   1.0457e+00
          nan   1.2112e+00   1.0857e+00   1.0319e+00   1.0242e+00   1.0245e+00   1.0233e+00   1.0274e+00   1.0422e+00   1.0405e+00
          nan   1.0451e+00   1.0277e+00   1.0303e+00   1.2764e+00   1.2366e+00   1.2278e+00   1.1935e+00   1.1884e+00   1.1634e+00
          nan   1.3030e+00   1.3270e+00   1.2674e+00   1.2261e+00   1.2130e+00   1.2150e+00   1.2146e+00   1.2227e+00   1.2392e+00
          nan   1.1845e+00   1.2728e+00   1.2977e+00   1.2621e+00   1.2804e+00   1.3050e+00   1.3173e+00   1.2985e+00   1.2954e+00
          nan   1.4418e+00   1.6100e+00   1.5701e+00   1.5610e+00   1.5306e+00   1.4807e+00   1.4784e+00   1.4807e+00   1.5131e+00
          nan   1.4087e+00   1.4203e+00   1.3769e+00   1.4117e+00   1.4752e+00   1.4948e+00   1.4891e+00   1.4871e+00   1.4798e+00
          nan   1.4055e+00   1.5011e+00   1.5141e+00   1.5942e+00   1.6183e+00   1.6045e+00   1.5727e+00   1.5542e+00   1.5567e+00
          nan   1.6661e+00   1.6577e+00   1.6543e+00   1.6602e+00   1.6447e+00   1.6956e+00   1.6956e+00   1.6916e+00   1.6875e+00
          nan   1.4660e+00   1.6912e+00   1.8388e+00   1.8431e+00   1.9084e+00   1.8960e+00   1.8676e+00   1.8258e+00   1.8331e+00
          nan   1.8840e+00   1.7079e+00   1.8213e+00   1.7881e+00   1.7764e+00   1.7913e+00   1.8000e+00   1.8018e+00   1.7809e+00
          nan   2.1495e+00   2.2169e+00   2.1640e+00   2.0453e+00   2.0782e+00   2.0788e+00   2.0751e+00   2.0640e+00   2.1136e+00
          nan   2.2454e+00   2.1169e+00   2.0294e+00   2.0999e+00   2.1010e+00   2.1373e+00   2.2053e+00   2.2610e+00   2.2541e+00
          nan   2.8046e+00   3.4150e+00   3.0664e+00   2.9985e+00   2.8801e+00   3.2290e+00   3.0870e+00   3.0235e+00   3.1541e+00
          nan   2.0682e+00   2.9321e+00   2.7973e+00   2.6254e+00   2.5931e+00   3.1317e+00   3.1023e+00   2.9506e+00   3.0615e+00
          nan   4.5898e+00   3.4857e+00   3.8969e+00   3.6656e+00   3.4669e+00   3.5254e+00   3.4430e+00   3.6276e+00   3.4675e+00
          nan   2.8046e+00   2.7039e+00   2.9248e+00   2.9640e+00   2.9849e+00   2.9757e+00   3.0333e+00   2.9530e+00   2.9682e+00
          nan   3.8398e+00   3.4057e+00   3.3359e+00   3.8212e+00   3.7599e+00   3.7129e+00   3.6009e+00   3.6722e+00   3.5972e+00
          nan   3.7911e+00   4.1932e+00   3.9116e+00   3.8806e+00   3.7683e+00   3.7113e+00   3.7011e+00   3.6814e+00   3.8138e+00
          nan   6.2904e+00   5.5718e+00   5.6414e+00   5.3366e+00   5.1410e+00   5.2493e+00   4.9761e+00   4.9490e+00   5.0823e+00
          nan   7.4822e+00   5.9197e+00   6.1391e+00   5.9475e+00   5.6138e+00   5.4086e+00   7.4858e+00   7.4671e+00   7.0841e+00
          nan   4.2019e+00   4.3784e+00   5.0048e+00   5.5965e+00   5.5559e+00   5.4275e+00   6.1383e+00   6.0584e+00   5.8618e+00
          nan   4.8526e+00   5.8500e+00   6.0636e+00   5.7333e+00   6.4906e+00   6.7060e+00   6.9305e+00   6.6594e+00   6.5435e+00
          nan   6.1280e+00   6.0904e+00   6.9490e+00   8.6555e+00   1.0147e+01   9.3867e+00   8.9318e+00   8.6069e+00   8.2736e+00
          nan   8.5265e+00   7.9428e+00   9.0792e+00   9.2367e+00   9.1778e+00   8.9953e+00   8.9123e+00   3.6314e+02   5.9746e+02
          nan   1.1248e+01   9.0330e+00   1.1231e+01   1.0841e+01   6.9580e+01   5.1600e+02   7.1783e+02   8.1256e+02   8.5050e+02
          nan   8.5773e+00   1.2742e+01   5.0879e+02   6.8239e+02   7.8837e+02   7.9834e+02   7.6778e+02   7.2708e+02   6.8362e+02
          nan   9.6552e+00   1.5773e+01   1.8848e+01   1.9500e+01   1.8288e+01   1.2430e+02   4.5825e+02   6.4169e+02   7.3118e+02
          nan   3.3807e+01   2.5070e+01   2.0330e+01   1.8504e+01   1.7352e+01   6.2374e+01   4.2310e+02   6.2229e+02   7.1141e+02
          nan   1.7140e+01   1.5042e+01   1.4257e+01   2.4927e+01   2.5088e+01   2.8262e+01   2.6619e+01   3.1426e+01   2.9582e+01
          nan   2.1036e+01   2.2232e+02   6.7801e+02   7.1378e+02   6.5941e+02   6.4707e+02   6.0454e+02   5.6414e+02   5.2319e+02
          nan   2.1250e+02   5.9355e+02   5.2008e+02   6.5314e+02   6.2589e+02   5.9545e+02   6.4679e+02   6.5360e+02   6.5166e+02
          nan   5.9733e+02   5.7398e+02   5.1506e+02   5.1504e+02   4.5431e+02   5.5696e+02   6.0477e+02   6.0704e+02   5.9567e+02
          nan   1.2938e+02   3.3236e+02   5.5097e+02   5.2757e+02   5.1015e+02   4.7639e+02   5.3197e+02   5.0832e+02   4.8950e+02
          nan   4.1147e+02   4.6111e+02   3.8018e+02   3.1029e+02   4.7382e+02   5.4896e+02   5.5874e+02   5.5182e+02   5.4740e+02
          nan   3.3800e+02   4.5716e+02   4.5620e+02   4.7217e+02   4.6064e+02   4.5089e+02   4.3440e+02   4.2370e+02   4.4187e+02
          nan   3.6948e+02   3.8691e+02   4.1664e+02   3.6028e+02   4.0156e+02   3.8124e+02   4.3893e+02   4.3321e+02   4.2291e+02
          nan   1.8797e+02   3.3713e+02   4.2813e+02   4.0919e+02   3.9633e+02   3.9044e+02   3.8536e+02   3.7255e+02   3.7868e+02
          nan   3.1100e+02   2.6303e+02   3.2859e+02   3.4084e+02   3.3110e+02   3.2236e+02   3.1450e+02   3.2022e+02   3.1263e+02
          nan   2.9174e+02   3.0926e+02   3.1811e+02   3.2186e+02   3.3146e+02   3.3234e+02   3.1998e+02   3.1506e+02   3.1812e+02
          nan   2.2930e+02   2.8004e+02   2.6721e+02   2.6136e+02   2.8124e+02   2.8957e+02   2.8761e+02   2.8985e+02   2.8942e+02
          nan   3.0880e+02   2.8642e+02   2.9939e+02   2.8648e+02   2.7165e+02   2.9462e+02   2.9060e+02   2.8266e+02   2.9578e+02
          nan   2.2373e+02   2.0804e+02   2.0376e+02   2.2322e+02   2.3710e+02   2.2314e+02   2.2812e+02   2.2936e+02   2.2536e+02
          nan   1.5485e+02   1.8808e+02   1.9334e+02   2.1168e+02   2.1466e+02   2.1470e+02   2.1703e+02   2.1547e+02   2.1515e+02
          nan   1.8158e+02   1.6769e+02   1.8533e+02   1.7432e+02   1.8922e+02   2.1039e+02   2.0691e+02   2.1276e+02   2.1250e+02
          nan   2.1013e+02   1.8527e+02   1.9145e+02   1.9097e+02   1.8488e+02   2.0184e+02   1.9158e+02   1.9047e+02   1.8684e+02
          nan   1.8457e+02   1.7326e+02   1.4970e+02   1.5719e+02   1.6415e+02   1.6533e+02   1.6925e+02   1.6839e+02   1.7185e+02
          nan   1.5074e+02   1.8234e+02   1.6736e+02   1.6406e+02   1.6209e+02   1.5776e+02   1.6124e+02   1.5919e+02   1.5991e+02
          nan   1.4813e+02   1.3087e+02   1.2617e+02   1.2588e+02   1.3332e+02   1.3168e+02   1.3657e+02   1.3648e+02   1.3781e+02
          nan   1.1683e+02   1.3211e+02   1.3088e+02   1.2555e+02   1.1820e+02   1.1980e+02   1.1896e+02   1.2050e+02   1.2132e+02
          nan   1.0821e+02   1.0525e+02   1.2390e+02   1.2290e+02   1.1886e+02   1.1921e+02   1.2225e+02   1.2018e+02   1.2041e+02
          nan   6.8970e+01   8.4987e+01   1.0017e+02   1.0310e+02   1.1176e+02   1.1168e+02   1.0809e+02   1.0787e+02   1.1063e+02
          nan   8.9147e+01   8.4561e+01   8.0785e+01   8.7205e+01   8.7863e+01   9.3245e+01   9.1129e+01   9.2311e+01   9.5431e+01
          nan   9.2391e+01   8.7521e+01   8.6025e+01   8.7645e+01   8.6169e+01   8.8042e+01   8.9429e+01   9.0307e+01   8.8409e+01
          nan   9.4806e+01   8.3660e+01   8.4941e+01   8.8733e+01   8.5151e+01   8.4727e+01   8.3599e+01   8.4392e+01   8.4303e+01
          nan   8.2960e+01   7.7469e+01   7.9976e+01   8.4743e+01   8.5060e+01   8.4771e+01   8.2803e+01   8.5937e+01   8.6730e+01
          nan   6.7029e+01   7.3933e+01   8.0239e+01   7.7823e+01   7.7248e+01   7.5745e+01   7.4602e+01   7.7619e+01   7.7237e+01
          nan   5.7965e+01   6.6960e+01   6.3802e+01   6.2586e+01   6.1356e+01   6.4262e+01   6.4617e+01   6.5641e+01   6.7294e+01
          nan   4.7011e+01   6.3754e+01   5.9471e+01   6.2632e+01   6.0482e+01   6.3548e+01   6.2792e+01   6.2909e+01   6.2654e+01
          nan   5.5392e+01   5.5104e+01   5.8322e+01   5.9651e+01   5.8610e+01   5.9476e+01   5.9204e+01   5.8011e+01   5.8721e+01
          nan   5.4400e+01   5.7302e+01   5.3513e+01   5.2286e+01   5.4748e+01   5.4920e+01   5.4812e+01   5.4312e+01   5.4855e+01
          nan   5.1544e+01   5.3578e+01   5.6869e+01   5.8031e+01   5.6057e+01   5.5426e+01   5.5496e+01   5.4204e+01   5.3486e+01
          nan   4.6388e+01   5.2786e+01   5.0252e+01   4.9650e+01   4.9129e+01   4.9741e+01   5.0298e+01   5.0242e+01   4.9937e+01
          nan   3.6628e+01   4.4871e+01   4.5169e+01   4.5555e+01   4.5647e+01   4.8331e+01   4.8352e+01   4.9640e+01   4.9217e+01
          nan   3.9558e+01   4.2113e+01   4.2976e+01   4.5000e+01   4.4291e+01   4.7358e+01   4.5881e+01   4.5379e+01   4.5528e+01
          nan   4.8646e+01   4.2954e+01   4.2493e+01   4.0988e+01   4.0462e+01   3.9642e+01   3.9019e+01   3.9894e+01   4.0102e+01
          nan   3.5911e+01   3.7108e+01   4.0697e+01   4.2469e+01   4.1618e+01   4.0531e+01   4.1629e+01   4.1808e+01   4.2139e+01
          nan   4.1141e+01   4.1641e+01   3.9620e+01   4.0129e+01   4.1195e+01   4.0708e+01   4.0565e+01   3.9998e+01   3.9689e+01
          nan   3.7382e+01   3.5868e+01   3.4820e+01   3.6493e+01   3.7436e+01   3.7457e+01   3.7355e+01   3.6799e+01   3.6957e+01
          nan   3.2422e+01   3.2638e+01   3.4624e+01   3.4906e+01   3.5127e+01   3.5992e+01   3.5973e+01   3.6620e+01   3.6676e+01
          nan   3.7753e+01   3.6352e+01   3.5794e+01   3.4488e+01   3.6371e+01   3.6563e+01   3.6721e+01   3.6723e+01   3.6653e+01
          nan   2.7366e+01   2.9836e+01   2.9907e+01   2.9699e+01   2.9305e+01   2.9721e+01   2.9275e+01   2.9523e+01   3.0557e+01
          nan   3.0755e+01   3.2462e+01   3.1181e+01   3.1120e+01   3.1158e+01   3.0927e+01   3.1102e+01   3.0867e+01   3.1228e+01
          nan   2.9040e+01   2.7048e+01   2.8634e+01   2.9816e+01   2.9802e+01   3.0019e+01   2.9899e+01   2.9989e+01   2.9877e+01
          nan   2.8963e+01   3.0010e+01   3.0696e+01   3.0378e+01   3.0967e+01   3.1591e+01   3.1467e+01   3.0795e+01   3.0635e+01
          nan   2.7713e+01   2.6190e+01   2.6435e+01   2.7068e+01   2.7589e+01   2.8202e+01   2.7852e+01   2.7428e+01   2.7461e+01
          nan   2.7671e+01   2.8114e+01   2.7436e+01   2.6731e+01   2.6886e+01   2.7827e+01   2.7580e+01   2.7379e+01   2.7617e+01
          nan   2.9651e+01   2.7912e+01   2.7070e+01   2.6785e+01   2.6764e+01   2.6317e+01   2.5980e+01   2.5936e+01   2.6286e+01
          nan   2.0892e+01   2.1529e+01   2.4010e+01   2.4090e+01   2.3683e+01   2.3976e+01   2.4156e+01   2.3972e+01   2.4227e+01
          nan   2.6768e+01   2.4814e+01   2.5187e+01   2.5118e+01   2.4597e+01   2.4397e+01   2.5144e+01   2.5328e+01   2.5161e+01
          nan   1.9722e+01   2.2196e+01   2.2366e+01   2.3048e+01   2.2305e+01   2.2799e+01   2.2630e+01   2.2927e+01   2.2928e+01
          nan   2.3534e+01   2.2721e+01   2.3243e+01   2.3120e+01   2.2445e+01   2.2281e+01   2.2386e+01   2.1848e+01   2.1963e+01
          nan   2.3115e+01   2.2407e+01   2.2291e+01   2.1430e+01   2.1688e+01   2.2042e+01   2.1908e+01   2.1874e+01   2.1882e+01
          nan   2.1098e+01   2.1481e+01   2.1389e+01   2.1030e+01   2.1044e+01   2.0731e+01   2.0615e+01   2.0431e+01   2.0501e+01
          nan   2.0154e+01   1.9777e+01   2.0122e+01   1.9674e+01   1.9247e+01   1.9277e+01   1.9140e+01   1.9053e+01   1.9110e+01
          nan   1.8126e+01   1.7759e+01   1.9134e+01   1.9199e+01   1.9538e+01   1.9535e+01   1.9549e+01   1.9440e+01   1.9499e+01
          nan   1.6257e+01   1.7903e+01   1.9031e+01   1.9230e+01   1.9555e+01   1.9284e+01   1.8918e+01   1.9043e+01   1.8875e+01
          nan   1.6707e+01   1.7605e+01   1.8652e+01   1.8918e+01   1.8758e+01   1.8976e+01   1.9125e+01   1.9197e+01   1.9058e+01
          nan   1.6534e+01   1.8351e+01   1.8205e+01   1.7973e+01   1.7952e+01   1.7459e+01   1.7424e+01   1.7329e+01   1.7332e+01
          nan   1.6610e+01   1.7379e+01   1.7762e+01   1.7571e+01   1.7542e+01   1.7719e+01   1.7768e+01   1.7757e+01   1.7717e+01
          nan   1.8448e+01   1.6349e+01   1.7090e+01   1.7100e+01   1.7271e+01   1.7811e+01   1.7583e+01   1.7299e+01   1.7197e+01
          nan   1.5940e+01   1.6422e+01   1.6226e+01   1.6693e+01   1.6409e+01   1.6127e+01   1.6194e+01   1.6307e+01   1.6247e+01
          nan   1.6039e+01   1.6394e+01   1.6453e+01   1.6210e+01   1.6240e+01   1.6272e+01   1.6328e+01   1.6362e+01   1.6594e+01
          nan   1.5868e+01   1.6710e+01   1.6202e+01   1.6269e+01   1.6269e+01   1.6052e+01   1.6159e+01   1.6117e+01   1.6295e+01
          nan   1.7829e+01   1.6533e+01   1.5972e+01   1.5877e+01   1.6074e+01   1.5772e+01   1.5632e+01   1.5629e+01   1.5723e+01
          nan   1.5323e+01   1.4923e+01   1.4826e+01   1.5228e+01   1.5302e+01   1.5061e+01   1.5234e+01   1.5485e+01   1.5432e+01
          nan   1.2940e+01   1.3307e+01   1.4063e+01   1.3975e+01   1.4358e+01   1.4171e+01   1.4222e+01   1.4196e+01   1.4295e+01
          nan   1.4404e+01   1.4570e+01   1.4111e+01   1.4139e+01   1.3998e+01   1.4191e+01   1.4209e+01   1.4169e+01   1.4247e+01

       nan    0.3880    0.3838    0.3839    0.3766    0.3778    0.3825    0.3831    0.3830    0.3829
       nan    0.3591    0.3678    0.3803    0.3792    0.3844    0.3865    0.3905    0.3856    0.3843
       nan    0.3979    0.4089    0.4109    0.4108    0.4052    0.4059    0.4076    0.4064    0.4068
       nan    0.4112    0.4341    0.4272    0.4305    0.4328    0.4297    0.4319    0.4305    0.4337
       nan    0.4557    0.4891    0.4706    0.4639    0.4605    0.4664    0.4593    0.4572    0.4667
       nan    0.4491    0.4575    0.4630    0.4614    0.4603    0.4798    0.4771    0.4732    0.4736
       nan    0.4681    0.4838    0.4865    0.5083    0.5023    0.5001    0.4985    0.4932    0.4908
       nan    0.5588    0.5205    0.5200    0.5144    0.5072    0.5016    0.5162    0.5208    0.5175
       nan    0.5011    0.5039    0.4988    0.5076    0.5292    0.5335    0.5310    0.5271    0.5245
       nan    0.5242    0.5692    0.5636    0.5582    0.5548    0.5549    0.5490    0.5459    0.5455
       nan    0.6318    0.5939    0.5937    0.5892    0.5856    0.5952    0.6031    0.6051    0.6012
       nan    0.5890    0.5796    0.5903    0.6091    0.6076    0.6078    0.6086    0.6064    0.6028
       nan    0.5834    0.6219    0.6230    0.6207    0.6189    0.6095    0.6106    0.6081    0.6124
       nan    0.6725    0.6598    0.6364    0.6818    0.6693    0.6678    0.6676    0.6696    0.6654
       nan    0.7870    0.7082    0.6976    0.6877    0.7030    0.6994    0.6893    0.7015    0.6928
       nan    0.7607    0.7627    0.7544    0.7323    0.7442    0.7371    0.7297    0.7310    0.7298
       nan    0.7223    0.7717    0.8073    0.7910    0.7772    0.8024    0.7988    0.7928    0.7956
       nan    0.7170    0.8093    0.8030    0.8059    0.7951    0.8146    0.8037    0.7959    0.8068
       nan    0.8278    0.8453    0.8562    0.8585    0.8465    0.8419    0.8393    0.8428    0.8440
       nan    0.8955    0.8399    0.8640    0.8868    0.9065    0.9115    0.9001    0.9011    0.8895
       nan    1.0366    1.0304    0.9738    0.9370    0.9309    0.9203    0.9199    0.9432    0.9494
       nan    0.9720    0.9429    0.9666    0.9540    0.9484    0.9696    0.9737    0.9743    0.9627
       nan    1.0583    0.9959    1.0420    1.1218    1.0737    1.0619    1.0587    1.0616    1.0457
       nan    1.2112    1.0857    1.0319    1.0242    1.0245    1.0233    1.0274    1.0422    1.0405
       nan    1.0451    1.0277    1.0303    1.2764    1.2366    1.2278    1.1935    1.1884    1.1634
       nan    1.3030    1.3270    1.2674    1.2261    1.2130    1.2150    1.2146    1.2227    1.2392
       nan    1.1845    1.2728    1.2977    1.2621    1.2804    1.3050    1.3173    1.2985    1.2954
       nan    1.4418    1.6100    1.5701    1.5610    1.5306    1.4807    1.4784    1.4807    1.5131
       nan    1.4087    1.4203    1.3769    1.4117    1.4752    1.4948    1.4891    1.4871    1.4798
       nan    1.4055    1.5011    1.5141    1.5942    1.6183    1.6045    1.5727    1.5542    1.5567
       nan    1.6661    1.6577    1.6543    1.6602    1.6447    1.6956    1.6956    1.6916    1.6875
       nan    1.4660    1.6912    1.8388    1.8431    1.9084    1.8960    1.8676    1.8258    1.8331
       nan    1.8840    1.7079    1.8213    1.7881    1.7764    1.7913    1.8000    1.8018    1.7809
       nan    2.1495    2.2169    2.1640    2.0453    2.0782    2.0788    2.0751    2.0640    2.1136
       nan    2.2454    2.1169    2.0294    2.0999    2.1010    2.1373    2.2053    2.2610    2.2541
       nan    2.8046    3.4150    3.0664    2.9985    2.8801    3.2290    3.0870    3.0235    3.1541
       nan    2.0682    2.9321    2.7973    2.6254    2.5931    3.1317    3.1023    2.9506    3.0615
       nan    4.5898    3.4857    3.8969    3.6656    3.4669    3.5254    3.4430    3.6276    3.4675
       nan    2.8046    2.7039    2.9248    2.9640    2.9849    2.9757    3.0333    2.9530    2.9682
       nan    3.8398    3.4057    3.3359    3.8212    3.7599    3.7129    3.6009    3.6722    3.5972
       nan    3.7911    4.1932    3.9116    3.8806    3.7683    3.7113    3.7011    3.6814    3.8138
       nan    6.2904    5.5718    5.6414    5.3366    5.1410    5.2493    4.9761    4.9490    5.0823
       nan    7.4822    5.9197    6.1391    5.9475    5.6138    5.4086    7.4858    7.4671    7.0841
       nan    4.2019    4.3784    5.0048    5.5965    5.5559    5.4275    6.1383    6.0584    5.8618
       nan    4.8526    5.8500    6.0636    5.7333    6.4906    6.7060    6.9305    6.6594    6.5435
       nan    6.1280    6.0904    6.9490    8.6555   10.1466    9.3867    8.9318    8.6069    8.2736
       nan    8.5265    7.9428    9.0792    9.2367    9.1778    8.9953    8.9123   11.5586   11.0823
       nan   11.2477    9.0330   11.2311   10.8410   13.5603   12.7795   12.5065   12.2561   11.7643
       nan    8.5773   12.7421   19.4048   34.3147   30.1154   26.7379   24.5726   22.5197   21.9648
       nan    9.6552   15.7730   18.8476   19.2072   18.0522   20.8546   22.8878   21.2823   21.3190
       nan   28.7335   22.5323   18.6218   17.2209   16.3262   18.7485   17.8636   16.7729   18.8828
       nan   17.1398   15.0418   14.2567   22.6091   23.1933   26.6669   25.2470   27.2240   25.8343
       nan   21.0363   30.4201   26.8429   24.6665   27.7650   34.7506   32.2096   29.7963   31.3521
       nan   54.4318   42.4428   44.7911   37.8340   34.8188   43.9649   40.6423   40.3549   41.1987
       nan   47.2257   49.3878   47.1665   45.4046   45.3022   46.8226   43.1330   42.1270   44.8071
       nan   55.0651   69.9285   57.2164   58.8035   55.9589   52.6071   52.5993   53.9637   56.5855
       nan   54.5987   48.6948   42.9576   39.9467   40.7720   38.4869   38.9198   40.6441   41.4096
       nan   70.0560   64.3462   63.1769   65.4873   63.4050   61.2123   61.0419   61.2761   62.3457
       nan   45.7250   52.9168   53.7751   52.6349   54.8370   57.5756   55.5829   54.1399   54.1406
       nan   65.1275   64.9110   62.0262   58.9552   61.1288   65.4442   64.5316   65.0080   64.6899
       nan   59.8525   60.7508   70.5715   68.9934   66.1394   64.5609   66.0167   64.9648   65.1350
       nan   63.1808   64.0892   59.3382   62.7759   62.3903   63.5407   64.8313   64.5603   65.4404
       nan   57.9719   56.4046   60.8405   61.5350   60.6437   61.8961   61.0542   60.2567   59.4786
       nan   55.4350   59.8151   58.6551   57.3128   57.9495   58.3000   59.9923   60.1849   59.4891
       nan   59.0667   58.1739   61.2752   61.0634   61.1209   60.0922   59.9525   58.9504   58.3472
       nan   53.6692   52.3771   51.9415   54.2300   53.4980   53.5463   53.3398   52.6607   52.8869
       nan   47.4159   49.9983   51.7590   53.5540   51.8145   52.5277   52.3872   52.6652   52.6920
       nan   52.4117   51.2005   51.9096   51.3820   49.8214   51.5432   50.8238   49.7106   49.3836
       nan   49.3120   47.2504   45.2761   46.3271   47.6573   47.0308   47.1069   47.1702   47.6579
       nan   44.9756   44.7483   44.0919   44.0733   44.6285   44.4473   45.5595   44.7746   44.0803
       nan   42.9219   40.4821   40.9178   41.2271   42.2999   41.5517   41.7898   41.1704   41.7751
       nan   36.9953   39.3307   38.4951   38.5608   37.6927   37.1661   37.0143   37.3361   37.8278
       nan   33.0111   34.5148   38.3011   37.9560   36.2353   36.5016   36.5841   36.9604   36.6289
       nan   22.1069   30.0943   32.4214   33.5664   34.9900   34.4181   34.1225   33.8491   34.1112
       nan   28.4201   27.0379   26.7055   28.5286   28.9561   30.0079   29.8117   30.0305   30.5532
       nan   29.7962   27.6477   28.0229   28.0687   27.7482   28.4738   29.2342   29.8914   29.7640
       nan   32.6599   29.9224   29.7462   30.2691   29.1573   28.6658   28.1305   28.1204   27.9683
       nan   28.5571   26.9248   26.9529   29.0922   28.8858   28.2355   27.6923   28.4136   28.2001
       nan   20.9799   23.1074   25.0996   24.9766   24.6799   24.5426   24.3333   25.5909   25.8358
       nan   20.5590   22.5905   22.5255   21.6548   21.2947   21.8562   22.2516   22.3526   22.9667
       nan   18.5234   24.0825   21.9947   22.5100   21.4207   22.3267   21.8485   21.7557   21.4521
       nan   20.2465   19.5053   20.4994   20.8121   20.3558   20.4669   20.3893   20.2182   20.4381
       nan   18.7017   19.6614   18.6862   18.3410   19.1155   19.1708   19.3148   19.1314   19.3781
       nan   19.5134   18.9445   20.1798   20.0835   19.0806   18.9444   19.3505   19.0009   18.6773
       nan   16.6963   18.4911   17.0524   17.0272   17.0237   17.0491   17.3681   17.3336   17.2121
       nan   13.0619   15.9303   15.9787   16.1469   16.1344   16.7485   16.6766   16.9811   16.9345
       nan   13.6523   14.3406   14.6154   15.4376   15.2643   16.5132   15.9467   15.6857   15.7695
       nan   16.7016   15.3131   14.6111   14.2525   14.2128   13.9121   13.6947   13.9183   14.0192
       nan   12.9314   12.8998   14.1414   14.6058   14.3731   14.1640   14.5369   14.4978   14.7196
       nan   15.2996   15.0224   14.3915   14.4685   14.8653   14.5687   14.3967   14.1586   14.1223
       nan   14.2748   13.0946   12.6716   13.3787   13.7017   13.7597   13.5920   13.3319   13.3049
       nan   12.0352   11.8159   12.2483   12.3365   12.5208   12.9010   12.7702   12.8086   12.8607
       nan   14.0316   12.8108   12.4497   12.1356   12.5590   12.5518   12.6308   12.5858   12.5209
       nan   10.3582   10.8386   10.8546   10.8230   10.5651   10.6444   10.4165   10.4836   10.8587
       nan   10.9272   11.9533   11.1328   11.0756   11.0035   10.9141   11.0809   10.9517   10.9593
       nan   10.5247    9.7721   10.3948   10.7177   10.6735   10.5338   10.5261   10.5162   10.4580
       nan   10.0684   10.7246   10.8790   10.7337   10.8471   11.0403   10.9609   10.7811   10.7187
       nan    9.7450    9.2105    9.1683    9.4247    9.7393    9.9828    9.8549    9.7165    9.6904
       nan    9.4674    9.5594    9.5352    9.4203    9.5279    9.8756    9.7185    9.5876    9.6774
       nan   10.5250    9.7937    9.4919    9.5541    9.4620    9.3736    9.1901    9.2076    9.3619
       nan    7.7774    7.8218    8.7091    8.6061    8.5264    8.6059    8.7264    8.6866    8.6934
       nan    9.1168    8.5486    8.9279    8.9575    8.8570    8.7626    9.0490    9.1150    9.0019
       nan    7.3531    8.1162    8.1446    8.3391    8.0197    8.1617    8.1199    8.2626    8.2159
       nan    8.3325    7.9864    8.1594    8.2127    8.1117    8.0279    8.0379    7.8050    7.8491
       nan    8.3662    7.9481    7.8791    7.6609    7.7352    7.8537    7.8224    7.7743    7.7158
       nan    7.4468    7.5824    7.3996    7.3358    7.3576    7.2340    7.2069    7.1205    7.1408
       nan    7.1913    6.8326    6.9460    6.9367    6.8075    6.8439    6.7660    6.7311    6.7554
       nan    6.8776    6.6116    7.1465    7.0810    7.1239    7.1202    7.1291    7.0566    7.0842
       nan    5.6887    6.2655    6.6882    6.8508    7.0011    6.9207    6.8124    6.8156    6.7383
       nan    5.8685    6.2584    6.6677    6.7599    6.6063    6.6473    6.6686    6.6587    6.6598
       nan    6.1396    6.6073    6.5626    6.4598    6.4686    6.2966    6.2810    6.2314    6.2492
       nan    5.9870    6.2574    6.4499    6.3708    6.3938    6.3907    6.3684    6.3803    6.3787
       nan    6.6561    5.8898    6.2184    6.2108    6.2115    6.3159    6.2844    6.1831    6.1353
       nan    5.6649    5.6919    5.6354    5.7869    5.7274    5.6779    5.7018    5.7511    5.7602
       nan    5.8881    5.9284    5.8608    5.7692    5.7546    5.7957    5.8055    5.8278    5.9043
       nan    5.9785    5.9638    5.7980    5.8125    5.8020    5.7344    5.7908    5.7892    5.8693
       nan    6.7964    6.1365    5.9408    5.7567    5.8554    5.7244    5.6605    5.6465    5.6848
       nan    5.5908    5.4110    5.3559    5.4876    5.4505    5.3365    5.4517    5.5366    5.5429
       nan    4.7599    4.8104    5.1934    5.1112    5.2061    5.1065    5.1157    5.0885    5.1415
       nan    5.1936    5.1210    5.0843    5.0847    5.0503    5.0839    5.0711    5.0518    5.0714

      inf   0.1585   0.1188   0.1056   0.0989   0.0949   0.0923   0.0904   0.0890   0.0879
      inf   0.1606   0.1204   0.1071   0.1004   0.0964   0.0938   0.0919   0.0904   0.0893
      inf   0.1634   0.1225   0.1089   0.1021   0.0980   0.0953   0.0934   0.0919   0.0907
      inf   0.1661   0.1245   0.1106   0.1038   0.0996   0.0968   0.0949   0.0934   0.0922
      inf   0.1685   0.1265   0.1124   0.1054   0.1012   0.0984   0.0963   0.0948   0.0937
      inf   0.1712   0.1285   0.1142   0.1070   0.1027   0.0999   0.0979   0.0963   0.0952
      inf   0.1736   0.1303   0.1159   0.1087   0.1044   0.1015   0.0994   0.0978   0.0966
      inf   0.1771   0.1327   0.1180   0.1105   0.1061   0.1031   0.1010   0.0994   0.0982
      inf   0.1794   0.1346   0.1196   0.1122   0.1077   0.1047   0.1026   0.1010   0.0997
      inf   0.1820   0.1366   0.1215   0.1140   0.1094   0.1064   0.1042   0.1026   0.1013
      inf   0.1856   0.1391   0.1237   0.1158   0.1112   0.1081   0.1059   0.1043   0.1030
      inf   0.1879   0.1409   0.1254   0.1176   0.1129   0.1098   0.1075   0.1058   0.1045
      inf   0.1910   0.1433   0.1275   0.1195   0.1147   0.1115   0.1092   0.1075   0.1062
      inf   0.1944   0.1458   0.1294   0.1214   0.1165   0.1133   0.1110   0.1093   0.1079
      inf   0.1971   0.1478   0.1313   0.1232   0.1183   0.1150   0.1126   0.1109   0.1095
      inf   0.2003   0.1503   0.1337   0.1252   0.1202   0.1169   0.1145   0.1127   0.1113
      inf   0.2032   0.1526   0.1357   0.1272   0.1221   0.1188   0.1163   0.1145   0.1131
      inf   0.2063   0.1549   0.1378   0.1292   0.1240   0.1206   0.1181   0.1162   0.1148
      inf   0.2102   0.1577   0.1401   0.1313   0.1260   0.1225   0.1200   0.1181   0.1167
      inf   0.2130   0.1599   0.1421   0.1333   0.1280   0.1245   0.1219   0.1200   0.1185
      inf   0.2169   0.1627   0.1446   0.1355   0.1300   0.1265   0.1238   0.1220   0.1205
      inf   0.2201   0.1652   0.1469   0.1375   0.1320   0.1285   0.1259   0.1239   0.1223
      inf   0.2235   0.1675   0.1491   0.1399   0.1343   0.1305   0.1278   0.1258   0.1242
      inf   0.2280   0.1706   0.1515   0.1419   0.1363   0.1324   0.1298   0.1278   0.1262
      inf   0.2303   0.1729   0.1536   0.1443   0.1385   0.1347   0.1319   0.1298   0.1282
      inf   0.2348   0.1762   0.1565   0.1467   0.1408   0.1369   0.1341   0.1320   0.1304
      inf   0.2386   0.1790   0.1590   0.1490   0.1431   0.1392   0.1364   0.1343   0.1326
      inf   0.2423   0.1819   0.1618   0.1518   0.1457   0.1416   0.1386   0.1365   0.1348
      inf   0.2466   0.1850   0.1643   0.1538   0.1478   0.1437   0.1408   0.1386   0.1369
      inf   0.2494   0.1874   0.1666   0.1563   0.1501   0.1459   0.1429   0.1406   0.1389
      inf   0.2543   0.1908   0.1696   0.1589   0.1525   0.1483   0.1452   0.1430   0.1413
      inf   0.2585   0.1938   0.1723   0.1616   0.1550   0.1508   0.1478   0.1454   0.1437
      inf   0.2627   0.1966   0.1750   0.1641   0.1576   0.1532   0.1500   0.1477   0.1458
      inf   0.2673   0.2006   0.1781   0.1668   0.1602   0.1557   0.1526   0.1501   0.1483
      inf   0.2717   0.2037   0.1808   0.1695   0.1627   0.1583   0.1551   0.1527   0.1508
      inf   0.2753   0.2072   0.1841   0.1726   0.1656   0.1612   0.1578   0.1553   0.1535
      inf   0.2804   0.2107   0.1873   0.1755   0.1683   0.1638   0.1605   0.1579   0.1560
      inf   0.2859   0.2137   0.1904   0.1785   0.1713   0.1667   0.1632   0.1608   0.1587
      inf   0.2897   0.2175   0.1935   0.1813   0.1741   0.1691   0.1657   0.1631   0.1611
      inf   0.2951   0.2211   0.1964   0.1846   0.1772   0.1723   0.1687   0.1662   0.1640
      inf   0.3002   0.2253   0.2001   0.1877   0.1803   0.1752   0.1716   0.1689   0.1669
      inf   0.3064   0.2299   0.2044   0.1916   0.1837   0.1788   0.1749   0.1723   0.1702
      inf   0.3123   0.2337   0.2079   0.1947   0.1869   0.1816   0.1780   0.1752   0.1730
      inf   0.3157   0.2371   0.2109   0.1979   0.1899   0.1846   0.1810   0.1781   0.1758
      inf   0.3224   0.2420   0.2152   0.2015   0.1936   0.1883   0.1844   0.1816   0.1793
      inf   0.3275   0.2454   0.2183   0.2051   0.1975   0.1919   0.1878   0.1849   0.1824
      inf   0.3369   0.2520   0.2236   0.2096   0.2013   0.1955   0.1915   0.1889   0.1864
      inf   0.3408   0.2554   0.2272   0.2129   0.2051   0.1991   0.1951   0.1920   0.1896
      inf   0.3472   0.2607   0.2323   0.2195   0.2103   0.2038   0.1995   0.1962   0.1938
      inf   0.3525   0.2653   0.2365   0.2217   0.2128   0.2070   0.2028   0.1994   0.1970
      inf   0.3585   0.2696   0.2392   0.2242   0.2154   0.2096   0.2054   0.2018   0.1996
      inf   0.3700   0.2768   0.2452   0.2303   0.2209   0.2156   0.2110   0.2080   0.2053
      inf   0.3734   0.2807   0.2496   0.2338   0.2253   0.2196   0.2149   0.2112   0.2088
      inf   0.3826   0.2873   0.2562   0.2396   0.2297   0.2243   0.2195   0.2160   0.2136
      inf   0.3925   0.2957   0.2621   0.2458   0.2362   0.2299   0.2247   0.2213   0.2191
      inf   0.3979   0.3026   0.2671   0.2519   0.2414   0.2343   0.2292   0.2257   0.2236
      inf   0.4087   0.3056   0.2700   0.2535   0.2438   0.2368   0.2322   0.2290   0.2263
      inf   0.4228   0.3153   0.2799   0.2620   0.2513   0.2441   0.2392   0.2356   0.2329
      inf   0.4205   0.3189   0.2824   0.2651   0.2550   0.2490   0.2431   0.2392   0.2365
      inf   0.4362   0.3262   0.2895   0.2722   0.2612   0.2545   0.2491   0.2452   0.2418
      inf   0.4418   0.3313   0.2962   0.2776   0.2660   0.2591   0.2538   0.2499   0.2466
      inf   0.4516   0.3392   0.3002   0.2822   0.2706   0.2630   0.2581   0.2543   0.2513
      inf   0.4623   0.3465   0.3073   0.2880   0.2761   0.2681   0.2630   0.2591   0.2558
      inf   0.4673   0.3503   0.3106   0.2912   0.2792   0.2712   0.2659   0.2621   0.2583
      inf   0.4719   0.3546   0.3155   0.2958   0.2837   0.2764   0.2710   0.2667   0.2637
      inf   0.4825   0.3612   0.3213   0.3007   0.2886   0.2807   0.2748   0.2707   0.2673
      inf   0.4889   0.3661   0.3243   0.3037   0.2920   0.2835   0.2777   0.2734   0.2701
      inf   0.4927   0.3703   0.3285   0.3080   0.2961   0.2872   0.2817   0.2774   0.2741
      inf   0.4982   0.3748   0.3344   0.3133   0.3004   0.2920   0.2859   0.2815   0.2778
      inf   0.5060   0.3778   0.3368   0.3158   0.3033   0.2950   0.2887   0.2843   0.2808
      inf   0.5103   0.3832   0.3412   0.3201   0.3070   0.2985   0.2923   0.2878   0.2843
      inf   0.5162   0.3868   0.3438   0.3229   0.3103   0.3017   0.2957   0.2911   0.2874
      inf   0.5250   0.3943   0.3493   0.3273   0.3143   0.3055   0.2989   0.2941   0.2905
      inf   0.5307   0.3972   0.3529   0.3305   0.3168   0.3081   0.3020   0.2973   0.2935
      inf   0.5341   0.4011   0.3569   0.3344   0.3211   0.3117   0.3054   0.3006   0.2967
      inf   0.5384   0.4043   0.3593   0.3367   0.3234   0.3143   0.3078   0.3030   0.2994
      inf   0.5428   0.4079   0.3626   0.3397   0.3263   0.3172   0.3109   0.3060   0.3023
      inf   0.5489   0.4119   0.3658   0.3426   0.3289   0.3199   0.3134   0.3083   0.3045
      inf   0.5529   0.4146   0.3687   0.3455   0.3316   0.3225   0.3161   0.3109   0.3071
      inf   0.5597   0.4189   0.3722   0.3492   0.3353   0.3258   0.3192   0.3142   0.3102
      inf   0.5642   0.4226   0.3759   0.3522   0.3383   0.3287   0.3220   0.3170   0.3132
      inf   0.5682   0.4261   0.3781   0.3546   0.3406   0.3311   0.3244   0.3194   0.3155
      inf   0.5706   0.4286   0.3812   0.3577   0.3432   0.3338   0.3270   0.3220   0.3181
      inf   0.5777   0.4330   0.3848   0.3606   0.3462   0.3367   0.3297   0.3245   0.3205
      inf   0.5826   0.4363   0.3881   0.3637   0.3492   0.3394   0.3324   0.3272   0.3231
      inf   0.5875   0.4399   0.3909   0.3663   0.3517   0.3418   0.3349   0.3296   0.3255
      inf   0.5907   0.4428   0.3934   0.3687   0.3541   0.3441   0.3372   0.3319   0.3279
      inf   0.5930   0.4456   0.3962   0.3717   0.3568   0.3471   0.3400   0.3347   0.3306
      inf   0.5993   0.4494   0.3994   0.3743   0.3592   0.3494   0.3422   0.3368   0.3326
      inf   0.6025   0.4517   0.4019   0.3767   0.3616   0.3516   0.3445   0.3391   0.3349
      inf   0.6066   0.4552   0.4046   0.3793   0.3641   0.3541   0.3468   0.3414   0.3372
      inf   0.6113   0.4587   0.4076   0.3820   0.3667   0.3565   0.3491   0.3436   0.3395
      inf   0.6141   0.4608   0.4100   0.3845   0.3690   0.3588   0.3515   0.3460   0.3417
      inf   0.6195   0.4644   0.4129   0.3872   0.3718   0.3615   0.3542   0.3487   0.3442
      inf   0.6243   0.4676   0.4156   0.3898   0.3741   0.3637   0.3562   0.3507   0.3463
      inf   0.6271   0.4707   0.4184   0.3922   0.3766   0.3661   0.3586   0.3530   0.3487
      inf   0.6311   0.4738   0.4208   0.3944   0.3787   0.3681   0.3606   0.3550   0.3507
      inf   0.6339   0.4757   0.4232   0.3969   0.3809   0.3703   0.3628   0.3572   0.3528
      inf   0.6382   0.4788   0.4258   0.3993   0.3832   0.3725   0.3650   0.3594   0.3550
      inf   0.6423   0.4817   0.4283   0.4017   0.3856   0.3749   0.3673   0.3617   0.3572
      inf   0.6473   0.4852   0.4312   0.4042   0.3881   0.3772   0.3694   0.3636   0.3591
      inf   0.6495   0.4876   0.4334   0.4063   0.3901   0.3792   0.3714   0.3656   0.3611
      inf   0.6536   0.4903   0.4358   0.4086   0.3922   0.3813   0.3736   0.3677   0.3631
      inf   0.6583   0.4933   0.4383   0.4111   0.3947   0.3836   0.3758   0.3700   0.3654
      inf   0.6612   0.4960   0.4408   0.4133   0.3967   0.3857   0.3778   0.3719   0.3673
      inf   0.6641   0.4983   0.4428   0.4152   0.3987   0.3877   0.3797   0.3738   0.3692
      inf   0.6685   0.5013   0.4455   0.4177   0.4010   0.3899   0.3819   0.3760   0.3713
      inf   0.6724   0.5044   0.4482   0.4201   0.4032   0.3921   0.3840   0.3780   0.3733
      inf   0.6748   0.5061   0.4499   0.4218   0.4049   0.3937   0.3858   0.3797   0.3751
      inf   0.6795   0.5094   0.4527   0.4245   0.4075   0.3961   0.3880   0.3819   0.3772
      inf   0.6825   0.5118   0.4550   0.4265   0.4096   0.3982   0.3901   0.3840   0.3793
      inf   0.6857   0.5143   0.4573   0.4286   0.4115   0.4001   0.3919   0.3858   0.3810
      inf   0.6891   0.5168   0.4594   0.4308   0.4134   0.4020   0.3938   0.3877   0.3829
      inf   0.6929   0.5195   0.4618   0.4330   0.4157   0.4041   0.3959   0.3898   0.3849
      inf   0.6960   0.5217   0.4638   0.4350   0.4177   0.4060   0.3977   0.3915   0.3866
      inf   0.6984   0.5240   0.4658   0.4367   0.4193   0.4077   0.3993   0.3932   0.3883
      inf   0.7023   0.5269   0.4685   0.4391   0.4216   0.4099   0.4016   0.3953   0.3904
      inf   0.7057   0.5296   0.4708   0.4413   0.4235   0.4117   0.4034   0.3971   0.3921
      inf   0.7096   0.5319   0.4727   0.4434   0.4256   0.4137   0.4053   0.3990   0.3940
      inf   0.7119   0.5343   0.4750   0.4452   0.4275   0.4156   0.4071   0.4008   0.3958

