ARMA_MAT_TXT_FN008
200 1
   1.44081261061263e+04
   1.57511468961128e+05
   5.71888710094969e+04
   9.55305708682927e+04
   1.40299656995394e+03
   1.46991309854468e+05
   3.47132663829649e+04
   1.14469099595280e+05
   5.11377078395679e+03
   1.51365475404595e+05
   7.68748325632967e+04
   1.25286733617039e+05
   1.81839597294398e+04
   1.41014814248834e+05
   4.66634334219221e+04
   1.07557348022749e+05
   4.78333106497929e+02
   1.59375429185899e+05
   6.44694291317115e+04
   1.34085616838003e+05
   7.53947482480097e+03
   1.53484774868130e+05
   2.49996965645199e+04
   8.56220951156256e+04
   2.14774931789070e+04
   1.57811432425990e+05
   7.18864704691369e+04
   1.23203441261977e+05
   1.56295380062726e+02
   1.41816040270564e+05
   3.78541638070488e+04
   1.02811128990507e+05
   1.10326764114877e+04
   1.56123067379695e+05
   5.48034519113123e+04
   1.29318579071826e+05
   3.87693262030846e+03
   1.50200695512791e+05
   4.00000000000012e+04
   8.81135295308669e+04
   6.51522513187381e+03
   1.59843704619943e+05
   7.43779048843785e+04
   1.12195889900423e+05
   1.17945926061132e+03
   1.37662871047742e+05
   2.87368072833585e+04
   9.79757781063839e+04
   1.58716508896406e+04
   1.58597003430051e+05
   5.12722060425117e+04
   1.31263192716645e+05
   3.14518499385287e+03
   1.52981564213195e+05
   4.44067877100798e+04
   9.18350582128282e+04
   1.23334352592725e+04
   1.54886229216047e+05
   6.69298110545195e+04
   1.20000000000003e+05
   2.44166787686121e+02
   1.45591873893878e+05
   3.06814209281775e+04
   1.05196548088691e+05
   2.32108509645764e+04
   1.59755833212319e+05
   6.08080560415936e+04
   1.35901554222311e+05
   1.90761236197242e+03
   1.48325289624528e+05
   4.89526517862214e+04
   8.31251674367073e+04
   9.79930448721372e+03
   1.58354265963799e+05
   7.93748137958110e+04
   1.17815080415088e+05
   7.90198837227942e+02
   1.39367846358403e+05
   2.68422821248949e+04
   1.00403421484936e+05
   1.73978345082600e+04
   1.59209801162776e+05
   5.24426519772547e+04
   1.27325776993084e+05
   4.68305893875923e+03
   1.52460525175204e+05
   4.21849195849160e+04
   9.43021268124124e+04
   8.63452459540930e+03
   1.56854815006151e+05
   6.94029636602667e+04
   1.22145836192955e+05
   2.48853103887496e+03
   1.44128349110363e+05
   3.26742230069190e+04
   1.09891222090952e+05
   1.98013168450560e+04
   1.59990228555257e+05
   6.32447789787098e+04
   1.32216833219636e+05
   9.77144474775703e+00
   1.48967323588516e+05
   4.55309004047236e+04
   8.43741655501293e+04
   1.04074902072970e+04
   1.55729254023238e+05
   7.31313487186762e+04
   1.13336566578082e+05
   1.64573403620548e+03
   1.38522506821097e+05
   2.59143831620002e+04
   1.04006770800030e+05
   1.37003100788706e+04
   1.59024823284765e+05
   5.59932291999741e+04
   1.33157717875108e+05
   5.56277629543325e+03
   1.50791732177437e+05
   3.57495076699847e+04
   8.06251862041925e+04
   7.01843578680846e+03
   1.59912071318861e+05
   7.81245941117408e+04
   1.16708630056885e+05
   3.90833919627247e+01
   1.42602165491745e+05
   2.97029706727300e+04
   1.08727793957492e+05
   1.89851857511699e+04
   1.57192570520361e+05
   5.36198297895878e+04
   1.24250492330018e+05
   3.50171507252483e+03
   1.47666564740731e+05
   4.10877069259361e+04
   8.93564257577690e+04
   1.30086901455363e+04
   1.54437223704572e+05
   6.81649417871758e+04
   1.18912293074069e+05
   3.51521438248160e+02
   1.44868034682330e+05
   2.77831667803680e+04
   9.67552210212946e+04
   1.66270021271101e+04
   1.59960916608044e+05
   5.95965785150668e+04
   1.28328080972119e+05
   2.18856757401502e+03
   1.53970034212630e+05
   4.78041100995805e+04
   8.68686512813271e+04
   9.20826782256691e+03
   1.58820540739393e+05
   6.56978731875920e+04
   1.11047348213783e+05
   4.27074597676540e+03
   1.43372997872894e+05
   3.36880880163279e+04
   1.01609914738820e+05
   2.23371289522612e+04
   1.59521666893507e+05
   6.20242218936197e+04
   1.35000303435484e+05
   6.24570814105195e+02
   1.49592509792708e+05
   3.89220645188135e+04
   9.30701889454845e+04
   8.07821496324708e+03
   1.56498284927479e+05
   7.56258344498754e+04
   1.21077935481191e+05
   8.79286811430836e+01
   1.36789149035427e+05
   3.16719190278860e+04
   9.91919439584102e+04
   1.51319653176736e+04
   1.58092387638031e+05
   5.01087779090519e+04
   1.30297029327274e+05
   2.80742947964168e+03
   1.51921785036756e+05
   3.67965587380271e+04
   9.05970363397375e+04
   1.16747103754746e+04
   1.40198683154949e+05
   5.83900852611837e+04
   1.15593212289924e+05
   9.75176715239268e+02
   1.59648478561756e+05
   2.40984457776934e+04
   8.18754058882622e+04
   2.06321536416004e+04
   1.55316941061245e+05
   4.32913699431183e+04
   1.26311911983676e+05
   6.02996578737475e+03
   1.46299689921133e+05
   7.06435742422350e+04
   1.06380170210415e+05
