ARMA_MAT_TXT_FN008
200 1
   1.79087784782490e+03
   5.40070123554327e+02
   2.20732269391237e+03
   1.74788702018888e+02
   2.48416514915743e+03
   1.20532576036972e+03
   1.74355951119908e+01
   1.98585910535413e+03
   3.88071609887613e+02
   1.35692660745704e+03
   8.17510633557718e+02
   2.34604633977832e+03
   7.64254223854087e+01
   1.56877616712523e+03
   7.07748101754213e+02
   2.43971960352749e+03
   3.70100821153040e+01
   2.07302508314579e+03
   8.89761011072419e+02
   2.50203794216535e+03
   1.94369869469149e+02
   1.45556379987385e+03
   4.45389156601352e+02
   2.28642313736219e+03
   2.52893045800522e+02
   1.91513027636673e+03
   1.06705026122205e+03
   2.46307639808106e+03
   5.67033374490022e+01
   1.63486468907051e+03
   6.52254623892759e+02
   2.37437107847111e+03
   1.15847277375957e+02
   2.14115865550615e+03
   9.43453755790287e+02
   2.53046064885437e+03
   3.11068527999519e+02
   1.39002585061872e+03
   5.77640516852570e+02
   2.25532835724098e+03
   2.33423040707399e+02
   1.82631129150027e+03
   1.15385224861687e+03
   2.55335404587273e+03
   9.61448763391637e+01
   1.70322760658012e+03
   7.62835249062085e+02
   2.41463215515398e+03
   3.49651909495331e+02
   2.02093795171708e+03
   9.79009892120610e+02
   2.36034478159770e+03
   1.35524870438844e+02
   1.48801020610845e+03
   4.83389914679737e+02
   2.56569154106299e+03
   2.91716326291351e+02
   2.17451964310543e+03
   1.25633456184258e+03
   2.51060367267775e+03
   1.55173013552083e+02
   1.73807151734575e+03
   6.33667429987298e+02
   2.62011595178268e+03
   4.07219324810766e+02
   1.95056900518765e+03
   1.10192140636006e+03
   2.45163896716529e+03
   2.13915023417066e+02
   1.60153207046316e+03
   8.71768704806847e+02
   2.66582711375464e+03
   2.72324334826465e+02
   2.22349349214998e+03
   1.29007844431008e+03
   2.59193355053080e+03
   5.21219796441627e+02
   1.86183469152789e+03
   7.26155898332373e+02
   2.69854227626187e+03
   3.30380514214618e+02
   2.10730584001545e+03
   1.42290522929606e+03
   2.52007489575422e+03
   4.64410785378181e+02
   1.66878997418191e+03
   1.03198100018578e+03
   2.76938883930905e+03
   3.68882377004172e+02
   2.31669389727648e+03
   1.17106125747138e+03
   2.65013988491901e+03
   5.96360178048521e+02
   2.00342880764213e+03
   8.35643303716178e+02
   2.80760181889525e+03
   4.26325257032552e+02
   2.27097330263944e+03
   1.53641527573697e+03
   2.71557176672029e+03
   6.15035882004360e+02
   1.84406642426878e+03
   9.25603756074046e+02
   2.86860407974281e+03
   5.02326323391511e+02
   2.47395759230340e+03
   1.32360995360443e+03
   2.82743388140225e+03
   7.81106399915590e+02
   2.05574378025660e+03
   1.11928206046442e+03
   2.93433228625716e+03
   5.58877098222398e+02
   2.38810791949723e+03
   1.58508928519483e+03
   2.73305281944923e+03
   6.89295157928539e+02
   1.93286425196241e+03
   1.01437268772592e+03
   3.00525035561447e+03
   6.70797265858703e+02
   2.57856076508977e+03
   1.52029330938367e+03
   2.91187210146976e+03
   7.99331596553238e+02
   2.12428969118874e+03
   1.27323289793244e+03
   3.05571481744026e+03
   7.44518347768194e+02
   2.54158930805882e+03
   1.77321926869893e+03
   2.98099945200192e+03
   9.07706100902760e+02
   2.19099515416449e+03
   1.22238070355779e+03
   3.13679304979702e+03
   8.53729397875767e+02
   2.78825668837388e+03
   1.72060540083771e+03
   3.10900117487153e+03
   9.96715573248977e+02
   2.42737071653310e+03
   1.43926199299047e+03
   3.25672108759467e+03
   9.61255876567676e+02
   2.68196125842628e+03
   1.96823657633387e+03
   3.19489520787637e+03
   1.13659242806878e+03
   2.30166712583840e+03
   1.37350356615503e+03
   3.35771051214672e+03
   1.04954027201165e+03
   3.03014603683049e+03
   1.87960715870921e+03
   3.28919785837507e+03
   1.18821918578530e+03
   2.63490147409237e+03
   1.61812193893468e+03
   3.47119192391730e+03
   1.08451072235661e+03
   2.88996837686062e+03
   2.15790469722548e+03
   3.39396547570251e+03
   1.30687089873337e+03
   2.49351879750911e+03
   1.75561342466188e+03
   3.55608703593107e+03
   1.23938373306460e+03
   3.08198817162117e+03
   2.09021502568514e+03
   3.43173482600302e+03
   1.47181202586732e+03
   2.75098991101477e+03
   1.65175705840017e+03
   3.65123056049148e+03
   1.34029529590942e+03
   3.22531151945572e+03
   2.33149131946076e+03
   3.60215324340246e+03
   1.68595128460671e+03
   2.84776385052830e+03
   1.89737516449151e+03
   3.76147994288201e+03
   1.40649315469914e+03
   3.32282755536222e+03
   2.40153576382126e+03
   3.70399820067254e+03
   1.50416592269257e+03
   2.95736778512122e+03
   2.23949850321332e+03
   3.89892390988229e+03
   1.80857855213114e+03
   3.51255177049099e+03
   2.60578999878326e+03
   3.99058245558685e+03
   1.55256371820584e+03
   3.82536934228422e+03
   2.03837883829195e+03
   3.16540783446860e+03
