   2.0000
   2.0050
   2.0100
   2.0150
   2.0200
   2.0250
   2.0300
   2.0350
   2.0400
   2.0450
   2.0500
   2.0550
   2.0600
   2.0650
   2.0700
   2.0750
   2.0800
   2.0850
   2.0900
   2.0950
   2.1000
   2.1050
   2.1100
   2.1150
   2.1200
   2.1250
   2.1300
   2.1350
   2.1400
   2.1450
   2.1500
   2.1550
   2.1600
   2.1650
   2.1700
   2.1750
   2.1800
   2.1850
   2.1900
   2.1950
   2.2000
   2.2050
   2.2100
   2.2150
   2.2200
   2.2250
   2.2300
   2.2350
   2.2400
   2.2450
   2.2500
   2.2550
   2.2600
   2.2650
   2.2700
   2.2750
   2.2800
   2.2850
   2.2900
   2.2950
   2.3000
   2.3050
   2.3100
   2.3150
   2.3200
   2.3250
   2.3300
   2.3350
   2.3400
   2.3450
   2.3500
   2.3550
   2.3600
   2.3650
   2.3700
   2.3750
   2.3800
   2.3850
   2.3900
   2.3950
   2.4000
   2.4050
   2.4100
   2.4150
   2.4200
   2.4250
   2.4300
   2.4350
   2.4400
   2.4450
   2.4500
   2.4550
   2.4600
   2.4650
   2.4700
   2.4750
   2.4800
   2.4850
   2.4900
   2.4950
   2.5000
   2.5050
   2.5100
   2.5150
   2.5200
   2.5250
   2.5300
   2.5350
   2.5400
   2.5450
   2.5500
   2.5550
   2.5600
   2.5650
   2.5700
   2.5750
   2.5800
   2.5850
   2.5900
   2.5950

     -inf  -1.7444  -1.7448  -1.7453  -1.7455  -1.7455  -1.7454  -1.7454  -1.7453  -1.7453
     -inf  -1.7424  -1.7418  -1.7419  -1.7419  -1.7417  -1.7418  -1.7417  -1.7419  -1.7418
     -inf  -1.7382  -1.7381  -1.7380  -1.7380  -1.7382  -1.7382  -1.7381  -1.7381  -1.7381
     -inf  -1.7345  -1.7348  -1.7349  -1.7345  -1.7346  -1.7345  -1.7343  -1.7344  -1.7345
     -inf  -1.7298  -1.7301  -1.7302  -1.7299  -1.7302  -1.7304  -1.7305  -1.7305  -1.7304
     -inf  -1.7254  -1.7260  -1.7266  -1.7268  -1.7267  -1.7266  -1.7266  -1.7265  -1.7265
     -inf  -1.7239  -1.7231  -1.7229  -1.7229  -1.7228  -1.7228  -1.7228  -1.7229  -1.7229
     -inf  -1.7191  -1.7190  -1.7188  -1.7189  -1.7190  -1.7191  -1.7189  -1.7190  -1.7189
     -inf  -1.7148  -1.7151  -1.7153  -1.7150  -1.7150  -1.7150  -1.7148  -1.7148  -1.7149
     -inf  -1.7107  -1.7108  -1.7107  -1.7106  -1.7105  -1.7107  -1.7108  -1.7108  -1.7108
     -inf  -1.7056  -1.7063  -1.7064  -1.7066  -1.7065  -1.7065  -1.7066  -1.7065  -1.7066
     -inf  -1.7032  -1.7030  -1.7026  -1.7027  -1.7026  -1.7025  -1.7024  -1.7026  -1.7026
     -inf  -1.6984  -1.6983  -1.6983  -1.6980  -1.6981  -1.6983  -1.6981  -1.6982  -1.6982
     -inf  -1.6943  -1.6946  -1.6945  -1.6943  -1.6942  -1.6940  -1.6940  -1.6939  -1.6941
     -inf  -1.6907  -1.6898  -1.6897  -1.6896  -1.6897  -1.6898  -1.6898  -1.6898  -1.6897
     -inf  -1.6850  -1.6854  -1.6854  -1.6855  -1.6856  -1.6854  -1.6854  -1.6854  -1.6854
     -inf  -1.6817  -1.6813  -1.6810  -1.6810  -1.6810  -1.6809  -1.6809  -1.6810  -1.6810
     -inf  -1.6773  -1.6765  -1.6763  -1.6764  -1.6765  -1.6765  -1.6764  -1.6765  -1.6764
     -inf  -1.6714  -1.6720  -1.6719  -1.6722  -1.6720  -1.6719  -1.6717  -1.6717  -1.6717
     -inf  -1.6678  -1.6674  -1.6673  -1.6668  -1.6669  -1.6669  -1.6670  -1.6671  -1.6671
     -inf  -1.6612  -1.6618  -1.6619  -1.6620  -1.6623  -1.6623  -1.6621  -1.6620  -1.6620
     -inf  -1.6573  -1.6575  -1.6575  -1.6575  -1.6574  -1.6574  -1.6574  -1.6574  -1.6574
     -inf  -1.6525  -1.6523  -1.6520  -1.6521  -1.6524  -1.6524  -1.6526  -1.6525  -1.6525
     -inf  -1.6482  -1.6482  -1.6480  -1.6481  -1.6478  -1.6476  -1.6472  -1.6474  -1.6474
     -inf  -1.6413  -1.6416  -1.6416  -1.6413  -1.6418  -1.6418  -1.6420  -1.6420  -1.6420
     -inf  -1.6352  -1.6365  -1.6366  -1.6368  -1.6369  -1.6369  -1.6367  -1.6365  -1.6366
     -inf  -1.6327  -1.6327  -1.6324  -1.6318  -1.6316  -1.6314  -1.6313  -1.6315  -1.6315
     -inf  -1.6245  -1.6244  -1.6252  -1.6254  -1.6261  -1.6262  -1.6263  -1.6260  -1.6259
     -inf  -1.6218  -1.6221  -1.6217  -1.6218  -1.6214  -1.6211  -1.6210  -1.6211  -1.6211
     -inf  -1.6173  -1.6157  -1.6150  -1.6151  -1.6154  -1.6154  -1.6157  -1.6158  -1.6157
     -inf  -1.6101  -1.6099  -1.6095  -1.6098  -1.6101  -1.6097  -1.6095  -1.6094  -1.6095
     -inf  -1.6054  -1.6051  -1.6051  -1.6047  -1.6040  -1.6040  -1.6039  -1.6041  -1.6043
     -inf  -1.5992  -1.5970  -1.5969  -1.5969  -1.5972  -1.5976  -1.5979  -1.5979  -1.5977
     -inf  -1.5924  -1.5929  -1.5935  -1.5938  -1.5933  -1.5932  -1.5929  -1.5929  -1.5929
     -inf  -1.5901  -1.5879  -1.5873  -1.5866  -1.5865  -1.5864  -1.5867  -1.5872  -1.5870
     -inf  -1.5791  -1.5799  -1.5797  -1.5795  -1.5796  -1.5798  -1.5796  -1.5796  -1.5797
     -inf  -1.5759  -1.5748  -1.5751  -1.5746  -1.5738  -1.5740  -1.5738  -1.5740  -1.5739
     -inf  -1.5668  -1.5662  -1.5658  -1.5665  -1.5670  -1.5665  -1.5670  -1.5669  -1.5670
     -inf  -1.5607  -1.5613  -1.5607  -1.5611  -1.5603  -1.5602  -1.5602  -1.5601  -1.5603
     -inf  -1.5549  -1.5532  -1.5536  -1.5534  -1.5534  -1.5529  -1.5534  -1.5536  -1.5534
     -inf  -1.5440  -1.5460  -1.5453  -1.5467  -1.5468  -1.5472  -1.5470  -1.5466  -1.5466
     -inf  -1.5444  -1.5418  -1.5422  -1.5399  -1.5391  -1.5390  -1.5384  -1.5391  -1.5389
     -inf  -1.5255  -1.5291  -1.5295  -1.5293  -1.5298  -1.5305  -1.5312  -1.5306  -1.5308
     -inf  -1.5250  -1.5251  -1.5243  -1.5253  -1.5250  -1.5248  -1.5246  -1.5246  -1.5246
     -inf  -1.5182  -1.5169  -1.5171  -1.5168  -1.5156  -1.5148  -1.5148  -1.5152  -1.5154
     -inf  -1.5074  -1.5072  -1.5067  -1.5084  -1.5086  -1.5083  -1.5085  -1.5082  -1.5078
     -inf  -1.4989  -1.4983  -1.4989  -1.4987  -1.4994  -1.4994  -1.4993  -1.4989  -1.4986
     -inf  -1.4911  -1.4909  -1.4903  -1.4877  -1.4875  -1.4884  -1.4881  -1.4888  -1.4888
     -inf  -1.4773  -1.4829  -1.4838  -1.4843  -1.4846  -1.4842  -1.4822  -1.4811  -1.4818
     -inf  -1.4771  -1.4739  -1.4694  -1.4709  -1.4708  -1.4718  -1.4732  -1.4738  -1.4738
     -inf  -1.4705  -1.4659  -1.4675  -1.4683  -1.4670  -1.4650  -1.4641  -1.4649  -1.4650
     -inf  -1.4528  -1.4563  -1.4549  -1.4538  -1.4521  -1.4519  -1.4512  -1.4512  -1.4522
     -inf  -1.4250  -1.4254  -1.4268  -1.4306  -1.4346  -1.4372  -1.4369  -1.4359  -1.4352
     -inf  -1.4282  -1.4248  -1.4227  -1.4260  -1.4281  -1.4280  -1.4298  -1.4253  -1.4258
     -inf  -1.4268  -1.4265  -1.4248  -1.4228  -1.4197  -1.4204  -1.4186  -1.4200  -1.4210
     -inf  -1.4148  -1.4136  -1.4124  -1.4106  -1.4084  -1.4111  -1.4122  -1.4126  -1.4131
     -inf  -1.3955  -1.3949  -1.3921  -1.3953  -1.3950  -1.3957  -1.3977  -1.3983  -1.3984
     -inf  -1.3958  -1.3896  -1.3933  -1.3944  -1.3957  -1.3969  -1.3962  -1.3966  -1.3962
     -inf  -1.3838  -1.3811  -1.3806  -1.3784  -1.3758  -1.3730  -1.3730  -1.3730  -1.3727
     -inf  -1.3578  -1.3522  -1.3563  -1.3553  -1.3561  -1.3541  -1.3521  -1.3511  -1.3508
     -inf  -1.3428  -1.3507  -1.3474  -1.3444  -1.3479  -1.3464  -1.3475  -1.3487  -1.3490
     -inf  -1.3316  -1.3395  -1.3422  -1.3410  -1.3416  -1.3406  -1.3387  -1.3382  -1.3385
     -inf  -1.3329  -1.3257  -1.3315  -1.3274  -1.3268  -1.3267  -1.3257  -1.3267  -1.3281
     -inf  -1.3212  -1.3179  -1.3192  -1.3182  -1.3175  -1.3176  -1.3174  -1.3168  -1.3165
     -inf  -1.3120  -1.3141  -1.3182  -1.3160  -1.3125  -1.3110  -1.3103  -1.3094  -1.3086
     -inf  -1.3018  -1.2976  -1.2974  -1.2995  -1.3011  -1.3013  -1.3011  -1.3021  -1.3024
     -inf  -1.2896  -1.2954  -1.2943  -1.2939  -1.2938  -1.2927  -1.2922  -1.2924  -1.2923
     -inf  -1.2816  -1.2831  -1.2828  -1.2824  -1.2845  -1.2841  -1.2838  -1.2836  -1.2845
     -inf  -1.2765  -1.2789  -1.2778  -1.2793  -1.2792  -1.2787  -1.2799  -1.2798  -1.2792
     -inf  -1.2746  -1.2740  -1.2738  -1.2738  -1.2738  -1.2730  -1.2726  -1.2726  -1.2727
     -inf  -1.2602  -1.2625  -1.2624  -1.2631  -1.2638  -1.2637  -1.2641  -1.2645  -1.2653
     -inf  -1.2579  -1.2600  -1.2605  -1.2606  -1.2602  -1.2601  -1.2600  -1.2597  -1.2600
     -inf  -1.2488  -1.2509  -1.2521  -1.2516  -1.2517  -1.2514  -1.2517  -1.2516  -1.2518
     -inf  -1.2440  -1.2464  -1.2448  -1.2448  -1.2453  -1.2452  -1.2454  -1.2451  -1.2447
     -inf  -1.2398  -1.2398  -1.2408  -1.2398  -1.2395  -1.2392  -1.2394  -1.2396  -1.2393
     -inf  -1.2334  -1.2334  -1.2331  -1.2325  -1.2328  -1.2329  -1.2333  -1.2332  -1.2330
     -inf  -1.2283  -1.2286  -1.2273  -1.2270  -1.2271  -1.2273  -1.2268  -1.2266  -1.2269
     -inf  -1.2243  -1.2229  -1.2236  -1.2223  -1.2219  -1.2219  -1.2222  -1.2223  -1.2220
     -inf  -1.2149  -1.2152  -1.2154  -1.2148  -1.2148  -1.2141  -1.2144  -1.2145  -1.2147
     -inf  -1.2117  -1.2100  -1.2100  -1.2099  -1.2098  -1.2093  -1.2094  -1.2097  -1.2096
     -inf  -1.2028  -1.2042  -1.2039  -1.2042  -1.2040  -1.2040  -1.2038  -1.2040  -1.2043
     -inf  -1.2001  -1.2000  -1.1989  -1.1990  -1.1991  -1.1991  -1.1988  -1.1983  -1.1986
     -inf  -1.1956  -1.1945  -1.1949  -1.1936  -1.1930  -1.1934  -1.1936  -1.1935  -1.1932
     -inf  -1.1852  -1.1860  -1.1864  -1.1876  -1.1873  -1.1870  -1.1872  -1.1872  -1.1870
     -inf  -1.1817  -1.1816  -1.1804  -1.1811  -1.1810  -1.1811  -1.1813  -1.1815  -1.1815
     -inf  -1.1770  -1.1770  -1.1772  -1.1771  -1.1771  -1.1770  -1.1767  -1.1767  -1.1768
     -inf  -1.1722  -1.1727  -1.1715  -1.1714  -1.1716  -1.1716  -1.1716  -1.1715  -1.1715
     -inf  -1.1677  -1.1675  -1.1675  -1.1662  -1.1662  -1.1660  -1.1662  -1.1663  -1.1663
     -inf  -1.1607  -1.1606  -1.1606  -1.1613  -1.1614  -1.1614  -1.1612  -1.1612  -1.1612
     -inf  -1.1570  -1.1555  -1.1562  -1.1571  -1.1569  -1.1568  -1.1566  -1.1567  -1.1567
     -inf  -1.1522  -1.1527  -1.1515  -1.1512  -1.1511  -1.1507  -1.1509  -1.1511  -1.1511
     -inf  -1.1478  -1.1480  -1.1466  -1.1466  -1.1467  -1.1469  -1.1470  -1.1469  -1.1468
     -inf  -1.1426  -1.1429  -1.1424  -1.1424  -1.1423  -1.1422  -1.1424  -1.1423  -1.1421
     -inf  -1.1393  -1.1382  -1.1385  -1.1383  -1.1377  -1.1375  -1.1376  -1.1380  -1.1378
     -inf  -1.1332  -1.1333  -1.1331  -1.1327  -1.1327  -1.1322  -1.1321  -1.1322  -1.1320
     -inf  -1.1301  -1.1287  -1.1280  -1.1281  -1.1283  -1.1281  -1.1280  -1.1280  -1.1282
     -inf  -1.1238  -1.1241  -1.1239  -1.1242  -1.1241  -1.1241  -1.1241  -1.1239  -1.1240
     -inf  -1.1183  -1.1180  -1.1184  -1.1183  -1.1179  -1.1179  -1.1182  -1.1184  -1.1184
     -inf  -1.1157  -1.1148  -1.1147  -1.1148  -1.1147  -1.1145  -1.1146  -1.1146  -1.1145
     -inf  -1.1096  -1.1096  -1.1096  -1.1098  -1.1097  -1.1094  -1.1096  -1.1097  -1.1096
     -inf  -1.1066  -1.1063  -1.1061  -1.1060  -1.1064  -1.1063  -1.1065  -1.1066  -1.1063
     -inf  -1.1013  -1.1017  -1.1017  -1.1016  -1.1014  -1.1012  -1.1012  -1.1013  -1.1013
     -inf  -1.0983  -1.0974  -1.0974  -1.0974  -1.0972  -1.0974  -1.0974  -1.0975  -1.0975
     -inf  -1.0943  -1.0934  -1.0936  -1.0935  -1.0933  -1.0936  -1.0936  -1.0935  -1.0934
     -inf  -1.0906  -1.0900  -1.0903  -1.0900  -1.0900  -1.0899  -1.0898  -1.0897  -1.0896
     -inf  -1.0862  -1.0852  -1.0846  -1.0847  -1.0844  -1.0846  -1.0848  -1.0848  -1.0847
     -inf  -1.0804  -1.0809  -1.0812  -1.0815  -1.0811  -1.0812  -1.0811  -1.0809  -1.0809
     -inf  -1.0773  -1.0769  -1.0768  -1.0767  -1.0766  -1.0768  -1.0767  -1.0769  -1.0769
     -inf  -1.0731  -1.0731  -1.0734  -1.0735  -1.0733  -1.0735  -1.0735  -1.0736  -1.0733
     -inf  -1.0695  -1.0692  -1.0692  -1.0694  -1.0692  -1.0694  -1.0694  -1.0694  -1.0695
     -inf  -1.0641  -1.0645  -1.0641  -1.0644  -1.0649  -1.0650  -1.0651  -1.0650  -1.0649
     -inf  -1.0615  -1.0618  -1.0622  -1.0622  -1.0621  -1.0620  -1.0620  -1.0618  -1.0618
     -inf  -1.0583  -1.0570  -1.0572  -1.0570  -1.0570  -1.0572  -1.0573  -1.0573  -1.0573
     -inf  -1.0531  -1.0535  -1.0537  -1.0541  -1.0541  -1.0540  -1.0540  -1.0540  -1.0539
     -inf  -1.0509  -1.0505  -1.0505  -1.0502  -1.0497  -1.0498  -1.0498  -1.0497  -1.0498
     -inf  -1.0458  -1.0457  -1.0460  -1.0460  -1.0461  -1.0461  -1.0462  -1.0462  -1.0462
     -inf  -1.0422  -1.0426  -1.0426  -1.0425  -1.0422  -1.0423  -1.0422  -1.0422  -1.0423
     -inf  -1.0388  -1.0387  -1.0391  -1.0392  -1.0390  -1.0391  -1.0392  -1.0391  -1.0393
     -inf  -1.0350  -1.0348  -1.0349  -1.0352  -1.0353  -1.0353  -1.0353  -1.0353  -1.0353
     -inf  -1.0320  -1.0318  -1.0319  -1.0317  -1.0317  -1.0317  -1.0317  -1.0318  -1.0318

          inf   9.1060e-01   9.1088e-01   9.1112e-01   9.1138e-01   9.1132e-01   9.1128e-01   9.1130e-01   9.1121e-01   9.1123e-01
          inf   9.1044e-01   9.0972e-01   9.0965e-01   9.0967e-01   9.0951e-01   9.0963e-01   9.0956e-01   9.0969e-01   9.0966e-01
          inf   9.0778e-01   9.0781e-01   9.0789e-01   9.0783e-01   9.0804e-01   9.0806e-01   9.0793e-01   9.0793e-01   9.0791e-01
          inf   9.0616e-01   9.0664e-01   9.0671e-01   9.0634e-01   9.0638e-01   9.0627e-01   9.0618e-01   9.0620e-01   9.0630e-01
          inf   9.0353e-01   9.0358e-01   9.0380e-01   9.0373e-01   9.0393e-01   9.0413e-01   9.0429e-01   9.0427e-01   9.0415e-01
          inf   9.0149e-01   9.0192e-01   9.0245e-01   9.0269e-01   9.0255e-01   9.0247e-01   9.0247e-01   9.0234e-01   9.0237e-01
          inf   9.0202e-01   9.0103e-01   9.0073e-01   9.0072e-01   9.0061e-01   9.0063e-01   9.0067e-01   9.0082e-01   9.0080e-01
          inf   8.9905e-01   8.9881e-01   8.9880e-01   8.9878e-01   8.9895e-01   8.9905e-01   8.9885e-01   8.9888e-01   8.9882e-01
          inf   8.9648e-01   8.9689e-01   8.9714e-01   8.9689e-01   8.9691e-01   8.9696e-01   8.9681e-01   8.9674e-01   8.9678e-01
          inf   8.9449e-01   8.9468e-01   8.9476e-01   8.9464e-01   8.9456e-01   8.9472e-01   8.9483e-01   8.9478e-01   8.9480e-01
          inf   8.9189e-01   8.9248e-01   8.9233e-01   8.9268e-01   8.9259e-01   8.9249e-01   8.9259e-01   8.9256e-01   8.9263e-01
          inf   8.9146e-01   8.9108e-01   8.9069e-01   8.9082e-01   8.9071e-01   8.9072e-01   8.9055e-01   8.9075e-01   8.9071e-01
          inf   8.8828e-01   8.8846e-01   8.8855e-01   8.8820e-01   8.8831e-01   8.8843e-01   8.8831e-01   8.8832e-01   8.8836e-01
          inf   8.8641e-01   8.8691e-01   8.8675e-01   8.8659e-01   8.8625e-01   8.8614e-01   8.8618e-01   8.8618e-01   8.8632e-01
          inf   8.8483e-01   8.8415e-01   8.8409e-01   8.8410e-01   8.8418e-01   8.8435e-01   8.8432e-01   8.8434e-01   8.8424e-01
          inf   8.8172e-01   8.8217e-01   8.8209e-01   8.8224e-01   8.8219e-01   8.8209e-01   8.8201e-01   8.8199e-01   8.8206e-01
          inf   8.8072e-01   8.7999e-01   8.7968e-01   8.7980e-01   8.7973e-01   8.7969e-01   8.7965e-01   8.7977e-01   8.7976e-01
          inf   8.7804e-01   8.7734e-01   8.7717e-01   8.7726e-01   8.7740e-01   8.7738e-01   8.7722e-01   8.7731e-01   8.7724e-01
          inf   8.7378e-01   8.7450e-01   8.7463e-01   8.7490e-01   8.7479e-01   8.7477e-01   8.7454e-01   8.7450e-01   8.7451e-01
          inf   8.7258e-01   8.7239e-01   8.7234e-01   8.7173e-01   8.7179e-01   8.7174e-01   8.7184e-01   8.7190e-01   8.7197e-01
          inf   8.6798e-01   8.6860e-01   8.6860e-01   8.6888e-01   8.6920e-01   8.6924e-01   8.6897e-01   8.6884e-01   8.6884e-01
          inf   8.6637e-01   8.6625e-01   8.6629e-01   8.6622e-01   8.6630e-01   8.6638e-01   8.6636e-01   8.6635e-01   8.6634e-01
          inf   8.6265e-01   8.6313e-01   8.6294e-01   8.6310e-01   8.6340e-01   8.6344e-01   8.6363e-01   8.6346e-01   8.6347e-01
          inf   8.6178e-01   8.6152e-01   8.6138e-01   8.6118e-01   8.6099e-01   8.6070e-01   8.6034e-01   8.6053e-01   8.6050e-01
          inf   8.5429e-01   8.5574e-01   8.5610e-01   8.5571e-01   8.5645e-01   8.5648e-01   8.5682e-01   8.5654e-01   8.5672e-01
          inf   8.5140e-01   8.5342e-01   8.5365e-01   8.5386e-01   8.5375e-01   8.5379e-01   8.5352e-01   8.5320e-01   8.5345e-01
          inf   8.5222e-01   8.5186e-01   8.5158e-01   8.4996e-01   8.4991e-01   8.4982e-01   8.4967e-01   8.5000e-01   8.5007e-01
          inf   8.4290e-01   8.4418e-01   8.4546e-01   8.4598e-01   8.4680e-01   8.4698e-01   8.4679e-01   8.4634e-01   8.4624e-01
          inf   8.4437e-01   8.4478e-01   8.4475e-01   8.4442e-01   8.4400e-01   8.4360e-01   8.4358e-01   8.4381e-01   8.4377e-01
          inf   8.4271e-01   8.4037e-01   8.3920e-01   8.3975e-01   8.4018e-01   8.4009e-01   8.4053e-01   8.4071e-01   8.4054e-01
          inf   8.3801e-01   8.3703e-01   8.3606e-01   8.3648e-01   8.3685e-01   8.3612e-01   8.3555e-01   8.3545e-01   8.3574e-01
          inf   8.3403e-01   8.3369e-01   8.3389e-01   8.3283e-01   8.3203e-01   8.3218e-01   8.3201e-01   8.3230e-01   8.3254e-01
          inf   8.2837e-01   8.2559e-01   8.2573e-01   8.2530e-01   8.2589e-01   8.2657e-01   8.2703e-01   8.2700e-01   8.2676e-01
          inf   8.2343e-01   8.2427e-01   8.2526e-01   8.2579e-01   8.2512e-01   8.2494e-01   8.2474e-01   8.2465e-01   8.2461e-01
          inf   8.2497e-01   8.2141e-01   8.2047e-01   8.1912e-01   8.1916e-01   8.1909e-01   8.1962e-01   8.2035e-01   8.2010e-01
          inf   8.1395e-01   8.1570e-01   8.1473e-01   8.1371e-01   8.1342e-01   8.1384e-01   8.1344e-01   8.1349e-01   8.1401e-01
          inf   8.1256e-01   8.1060e-01   8.1114e-01   8.0996e-01   8.0899e-01   8.0959e-01   8.0948e-01   8.0980e-01   8.0955e-01
          inf   8.0420e-01   8.0328e-01   8.0293e-01   8.0399e-01   8.0450e-01   8.0312e-01   8.0394e-01   8.0391e-01   8.0399e-01
          inf   7.9883e-01   7.9988e-01   7.9889e-01   7.9912e-01   7.9682e-01   7.9696e-01   7.9734e-01   7.9722e-01   7.9771e-01
          inf   7.9469e-01   7.9122e-01   7.9209e-01   7.9218e-01   7.9245e-01   7.9113e-01   7.9193e-01   7.9229e-01   7.9195e-01
          inf   7.7945e-01   7.8533e-01   7.8340e-01   7.8595e-01   7.8606e-01   7.8682e-01   7.8554e-01   7.8503e-01   7.8516e-01
          inf   7.8779e-01   7.8393e-01   7.8484e-01   7.7792e-01   7.7664e-01   7.7669e-01   7.7535e-01   7.7679e-01   7.7684e-01
          inf   7.4505e-01   7.5915e-01   7.6306e-01   7.6397e-01   7.6523e-01   7.6676e-01   7.6856e-01   7.6580e-01   7.6662e-01
          inf   7.6505e-01   7.6598e-01   7.6182e-01   7.6448e-01   7.6425e-01   7.6392e-01   7.6346e-01   7.6360e-01   7.6395e-01
          inf   7.6033e-01   7.5828e-01   7.5814e-01   7.5692e-01   7.5328e-01   7.4971e-01   7.4870e-01   7.5010e-01   7.5113e-01
          inf   7.4700e-01   7.4308e-01   7.4156e-01   7.4549e-01   7.4570e-01   7.4450e-01   7.4503e-01   7.4477e-01   7.4363e-01
          inf   7.2692e-01   7.2635e-01   7.3025e-01   7.3063e-01   7.3207e-01   7.3315e-01   7.3251e-01   7.3043e-01   7.2956e-01
          inf   7.2233e-01   7.1739e-01   7.1670e-01   7.0602e-01   7.0731e-01   7.1106e-01   7.1045e-01   7.1280e-01   7.1188e-01
          inf   6.8654e-01   7.0702e-01   7.0794e-01   7.1121e-01   7.1442e-01   7.1403e-01   7.0501e-01   6.9966e-01   7.0247e-01
          inf   7.1501e-01   6.9937e-01   6.7813e-01   6.8495e-01   6.8542e-01   6.8939e-01   6.9356e-01   6.9654e-01   6.9673e-01
          inf   7.0911e-01   6.9111e-01   6.9714e-01   6.9899e-01   6.9183e-01   6.8441e-01   6.8093e-01   6.8415e-01   6.8461e-01
          inf   6.4989e-01   6.6849e-01   6.6321e-01   6.6140e-01   6.5039e-01   6.5041e-01   6.4926e-01   6.4872e-01   6.5290e-01
          inf   5.5587e-01   5.2663e-01   5.4389e-01   5.6927e-01   5.8992e-01   6.0110e-01   6.0241e-01   5.9866e-01   5.9023e-01
          inf   6.1003e-01   5.8274e-01   5.6987e-01   5.8887e-01   6.0076e-01   5.9901e-01   6.0759e-01   5.6729e-01   5.6985e-01
          inf   6.1599e-01   6.2199e-01   6.0744e-01   6.0010e-01   5.8644e-01   5.9061e-01   5.7919e-01   5.8685e-01   5.9314e-01
          inf   5.8280e-01   5.8970e-01   5.7537e-01   5.6925e-01   5.5587e-01   5.6835e-01   5.7615e-01   5.7722e-01   5.8152e-01
          inf   5.1500e-01   5.0825e-01   4.6787e-01   4.9561e-01   4.9819e-01   5.0566e-01   5.1869e-01   5.2302e-01   5.2409e-01
          inf   5.6543e-01   5.1946e-01   5.4406e-01   5.5548e-01   5.6394e-01   5.6649e-01   5.6238e-01   5.6578e-01   5.6298e-01
         -inf  -5.3703e-01  -5.2016e-01  -3.3472e-01  -1.4081e-01  -3.3099e-02   3.2787e-02   9.5096e-02   1.4228e-01   9.1043e-02
          inf   3.9836e-01   2.2921e-01   4.7156e-03  -4.9068e-02  -4.4533e-02  -3.0916e-02  -2.4486e-02  -2.2242e-02   5.9580e-03
         -inf   9.8664e-02   2.7559e-01   2.1328e-01   1.5574e-01   1.9271e-01   1.9400e-01   2.2594e-01   2.5216e-01   2.7008e-01
          inf   6.7550e-03  -1.1031e-01   5.6533e-02  -1.9475e-02   1.0697e-02   5.3980e-02   7.2695e-02   2.3795e-02   1.2044e-02
         -inf   3.4117e-01   1.7682e-01  -1.3406e-02  -1.3201e-03   2.9369e-02   3.6281e-02   1.2340e-02  -2.7744e-02  -6.3744e-02
         -inf  -3.1000e-01  -2.3234e-01  -1.6363e-01  -1.0073e-01  -6.1261e-02  -2.6549e-02   2.7494e-03   1.8170e-02   8.3906e-03
         -inf  -2.1289e-01  -1.2328e-01  -1.8675e-01  -1.2545e-01  -1.0813e-01  -6.9414e-02  -5.5426e-02  -4.5469e-02  -2.7398e-02
         -inf  -9.1127e-02   3.6836e-02   2.1745e-02   3.0571e-02  -2.1021e-02  -2.5725e-02  -1.7889e-02   1.1612e-02   3.8213e-02
         -inf   2.3286e-02   6.4045e-02   5.2894e-02   4.1483e-02   4.0949e-02   5.1949e-02   3.1094e-02   7.3510e-03  -4.0649e-03
         -inf  -1.0735e-02  -5.3919e-02  -1.8573e-02  -1.5758e-02  -4.0790e-02  -1.9477e-02  -3.2947e-02  -3.2495e-02  -6.8887e-03
         -inf   2.6960e-02  -3.9288e-02  -2.9067e-02  -5.1823e-02  -5.8375e-02  -3.4316e-02  -2.7252e-02  -1.2216e-02  -1.1318e-02
          inf   1.9956e-01   1.5105e-01   1.4416e-01   1.4594e-01   1.0930e-01   9.1752e-02   7.0735e-02   7.3106e-02   7.9282e-02
          inf   2.2918e-02  -1.2399e-04   1.2130e-02   1.6059e-02  -1.2656e-02  -6.5603e-03  -8.9275e-03  -1.1590e-02   7.3566e-03
          inf   1.0605e-01   8.5459e-02   2.9490e-02   5.0822e-02   3.3672e-02   3.5064e-02   1.5447e-02   1.9569e-02   1.4679e-02
         -inf  -4.1264e-03  -3.7394e-02  -9.0979e-03  -1.3978e-02  -5.1319e-03  -1.0106e-02  -4.5402e-03  -1.9571e-03   8.5423e-03
         -inf  -8.8996e-02  -3.7366e-02  -4.5486e-02  -4.3211e-02  -2.3586e-02  -5.0715e-03  -1.1414e-02  -5.0008e-03   4.0500e-03
          inf  -2.2477e-02  -3.4112e-02  -3.6254e-02  -2.4639e-02  -2.2426e-02  -9.5382e-03  -6.8761e-03  -5.9025e-03  -5.4619e-03
         -inf  -1.9765e-02  -1.3116e-02  -2.5298e-02  -6.8899e-03  -1.7821e-03  -1.3663e-02  -1.4340e-02  -1.6313e-02  -2.0735e-02
          inf   1.2625e-02  -8.3048e-03   2.8444e-03  -6.3268e-03  -1.5239e-02  -1.0026e-02  -4.7519e-03  -1.2166e-03  -6.8682e-03
          inf   1.1335e-02  -6.4686e-03   6.1818e-04  -2.2691e-02  -1.6428e-02  -2.2061e-02  -2.0477e-02  -2.2127e-02  -1.9705e-02
         -inf  -6.8044e-02  -1.0726e-02  -1.1764e-02  -4.4981e-03  -4.0239e-04  -5.8694e-03   5.2361e-04   2.7856e-03  -6.2880e-03
          inf  -3.1502e-02  -2.3830e-02  -6.2154e-05  -5.1832e-03  -5.9554e-03  -5.3253e-03  -3.6364e-03  -1.1673e-03  -2.8500e-03
         -inf   3.3022e-02   3.2174e-02   3.3995e-02   2.0549e-02   2.3481e-02   2.9015e-02   2.4467e-02   1.7099e-02   1.6955e-02
          inf   4.4447e-02   2.1350e-02   2.5299e-02   2.0226e-02   8.9736e-03   5.4927e-04  -2.4107e-04  -6.8774e-04  -4.7516e-04
         -inf  -2.5225e-02  -1.4288e-03   3.3600e-03   8.4205e-03   8.9291e-03   1.3465e-02   9.9311e-03   8.0400e-03   9.4401e-03
         -inf  -1.7446e-03  -2.6202e-03   6.8237e-03   4.7348e-03   1.1782e-03  -2.7757e-03   2.9585e-03   2.0165e-03   2.1044e-03
         -inf   1.3895e-02   1.7366e-03   2.1279e-03  -7.7698e-03  -9.4477e-04  -4.0502e-03  -3.4478e-03  -5.7393e-03  -4.4207e-03
          inf  -3.6234e-02  -2.1492e-03  -1.6785e-03   1.6201e-02   2.1376e-02   1.4600e-02   1.1578e-02   9.0990e-03   3.7154e-03
          inf  -7.3506e-03   5.3173e-03   1.1711e-02   1.0311e-02   5.4488e-03  -1.3074e-03  -1.0828e-02  -1.0427e-02  -5.1481e-03
         -inf  -3.9515e-03  -2.4699e-03   1.0516e-02   1.2076e-02   1.0517e-02   8.0105e-03   7.6074e-03   7.2952e-03   5.9708e-03
          inf   3.6412e-02   2.2659e-02   1.6770e-02   2.0586e-02   1.5706e-02   9.2468e-03   1.3771e-02   1.3844e-02   1.2502e-02
         -inf   1.8553e-03   4.7325e-03   8.6381e-03   9.1193e-03   5.7707e-03   2.7196e-03   3.5874e-03   7.3175e-03   6.1079e-03
          inf  -2.8595e-02  -7.7341e-03  -1.2656e-02   4.2083e-03   1.3375e-03  -3.1298e-04   7.5960e-04   2.9333e-03   2.3585e-03
         -inf   4.6215e-03   3.3690e-03   2.7683e-03  -5.9229e-05  -6.0264e-03  -2.3723e-03  -7.9177e-03  -6.2332e-03  -3.6137e-03
         -inf  -2.0066e-02  -1.0019e-03  -7.1698e-03  -6.8635e-03  -5.0561e-03  -6.7380e-03  -5.5084e-03  -6.5174e-03  -3.6972e-03
          inf   1.2360e-02   7.4502e-03   5.6836e-03   2.7470e-03   3.4555e-03   4.9947e-03   5.2312e-03   4.0986e-03   6.8666e-03
         -inf  -9.7003e-03   1.0731e-03  -2.2896e-03  -3.5403e-03  -5.4730e-03  -3.6891e-03  -7.8621e-04  -5.5174e-03  -4.0774e-03
         -inf  -2.1587e-02  -8.6915e-03  -1.7681e-02  -1.0301e-02  -6.3384e-03  -5.8649e-03  -1.3459e-03   6.4072e-04  -3.1243e-03
         -inf   1.0306e-04   8.4964e-03   1.6096e-03   6.2343e-03   1.7639e-03   3.6162e-03   3.0501e-03   4.1749e-03   3.5549e-03
          inf  -2.0943e-02  -1.2814e-02  -9.5128e-03  -4.9499e-03  -5.6244e-03  -1.6784e-03  -2.4465e-03   2.6139e-04   1.9197e-04
         -inf  -1.7223e-02  -1.2784e-02  -6.6938e-03  -4.2610e-03  -1.9348e-03   5.5713e-04   2.8731e-03   1.2952e-03   2.6118e-03
         -inf   5.3908e-04  -2.1290e-03  -9.6316e-04  -3.4246e-03  -2.4854e-03  -1.2792e-03  -3.8005e-03  -5.1836e-03  -4.7378e-03
          inf   1.5101e-02   9.0476e-03   3.0428e-03   1.9624e-03   9.3768e-04   4.8483e-04  -2.2414e-03  -2.1557e-03  -1.1280e-03
          inf   1.4254e-02   5.7688e-03   6.8973e-03   3.1859e-03   4.6565e-04   3.5768e-03   5.1772e-03   3.3991e-03   4.4545e-04
          inf  -1.6800e-02  -7.0510e-03  -2.6460e-03  -1.7747e-03  -3.2214e-03  -5.5846e-03  -5.5095e-03  -6.1638e-03  -4.1718e-03
          inf   3.3823e-03   1.2427e-02   1.0184e-02   9.2559e-03   6.8596e-03   6.3768e-03   5.4534e-03   4.9354e-03   3.9355e-03
         -inf  -7.2669e-03  -2.9841e-03  -6.1218e-04   2.6200e-03   1.5344e-03   4.5731e-03   3.9327e-03   4.1264e-03   4.3477e-03
          inf   8.2832e-03   7.5860e-03   9.4247e-03   7.9901e-03   4.6123e-03   3.0559e-03   2.4356e-03   2.6037e-03   2.6364e-03
          inf   1.3223e-04  -1.3917e-03  -4.0587e-03  -3.0632e-03  -3.6925e-03  -3.1444e-03  -5.4515e-03  -6.3182e-03  -8.0246e-03
         -inf  -9.1753e-03  -6.1533e-03  -2.4341e-03  -3.8676e-03  -3.3974e-03  -6.9990e-04  -2.3646e-03  -2.5439e-03  -1.9870e-03
         -inf  -1.1558e-03  -5.1481e-03  -7.9476e-03  -6.1776e-03  -3.3584e-03  -1.0146e-03  -7.8667e-04  -1.2582e-03  -7.9040e-04
          inf   1.2352e-02  -8.9348e-04   3.7718e-03   6.5649e-03   5.0992e-03   5.0100e-03   1.8773e-03   2.1039e-03   4.7066e-03
         -inf  -1.0899e-02  -4.1439e-03  -3.8394e-03  -1.9879e-03  -4.4836e-03  -2.8417e-03  -2.4504e-03  -2.2591e-03  -4.1580e-04
          inf  -9.1309e-03  -4.7088e-03  -6.2534e-03  -3.5744e-03  -2.1802e-03  -3.1818e-03  -2.4561e-03  -2.3225e-03  -2.2283e-03
          inf  -5.9617e-03  -2.0681e-03  -3.1870e-04  -3.5457e-03  -2.4577e-03  -3.4044e-03  -3.9809e-03  -3.6968e-03  -3.9911e-03
          inf   4.8578e-03   3.9575e-03   2.7409e-03   3.0785e-03   1.2929e-03   9.6953e-04   9.9079e-04  -2.9008e-04  -1.3985e-03
          inf  -9.0104e-03   2.1163e-03   3.0594e-04  -2.1540e-03   4.7327e-05   7.0152e-05   6.7798e-04  -1.0834e-03  -2.3455e-03
          inf  -6.5742e-03  -6.1432e-03  -4.4909e-03  -3.1362e-03  -3.0380e-03  -3.2063e-03  -2.9235e-03  -3.4578e-03  -3.8892e-03
         -inf   2.2797e-03  -1.7843e-04   4.7830e-05   1.0720e-03   8.5976e-04  -6.6888e-04   1.1315e-04   1.8343e-05  -7.3765e-04
         -inf  -6.5501e-03   2.0784e-03   3.5161e-03   2.8016e-04   5.7219e-04   1.9951e-04  -8.2279e-04  -1.4027e-03   9.7489e-04
          inf   9.4424e-03   4.8379e-03   3.0358e-03   2.7044e-03   2.4685e-03   1.8822e-03   2.6715e-03   2.5333e-03   1.6624e-03
          inf  -1.1899e-02  -6.6983e-03  -1.4639e-03  -2.5390e-03  -3.3549e-03  -4.2706e-03  -3.3172e-03  -3.5141e-03  -2.9916e-03

      inf   0.9106   0.9109   0.9111   0.9114   0.9113   0.9113   0.9113   0.9112   0.9112
      inf   0.9104   0.9097   0.9096   0.9097   0.9095   0.9096   0.9096   0.9097   0.9097
      inf   0.9078   0.9078   0.9079   0.9078   0.9080   0.9081   0.9079   0.9079   0.9079
      inf   0.9062   0.9066   0.9067   0.9063   0.9064   0.9063   0.9062   0.9062   0.9063
      inf   0.9035   0.9036   0.9038   0.9037   0.9039   0.9041   0.9043   0.9043   0.9041
      inf   0.9015   0.9019   0.9025   0.9027   0.9026   0.9025   0.9025   0.9023   0.9024
      inf   0.9020   0.9010   0.9007   0.9007   0.9006   0.9006   0.9007   0.9008   0.9008
      inf   0.8990   0.8988   0.8988   0.8988   0.8990   0.8991   0.8988   0.8989   0.8988
      inf   0.8965   0.8969   0.8971   0.8969   0.8969   0.8970   0.8968   0.8967   0.8968
      inf   0.8945   0.8947   0.8948   0.8946   0.8946   0.8947   0.8948   0.8948   0.8948
      inf   0.8919   0.8925   0.8923   0.8927   0.8926   0.8925   0.8926   0.8926   0.8926
      inf   0.8915   0.8911   0.8907   0.8908   0.8907   0.8907   0.8905   0.8908   0.8907
      inf   0.8883   0.8885   0.8886   0.8882   0.8883   0.8884   0.8883   0.8883   0.8884
      inf   0.8864   0.8869   0.8868   0.8866   0.8863   0.8861   0.8862   0.8862   0.8863
      inf   0.8848   0.8842   0.8841   0.8841   0.8842   0.8843   0.8843   0.8843   0.8842
      inf   0.8817   0.8822   0.8821   0.8822   0.8822   0.8821   0.8820   0.8820   0.8821
      inf   0.8807   0.8800   0.8797   0.8798   0.8797   0.8797   0.8796   0.8798   0.8798
      inf   0.8780   0.8773   0.8772   0.8773   0.8774   0.8774   0.8772   0.8773   0.8772
      inf   0.8738   0.8745   0.8746   0.8749   0.8748   0.8748   0.8745   0.8745   0.8745
      inf   0.8726   0.8724   0.8723   0.8717   0.8718   0.8717   0.8718   0.8719   0.8720
      inf   0.8680   0.8686   0.8686   0.8689   0.8692   0.8692   0.8690   0.8688   0.8688
      inf   0.8664   0.8662   0.8663   0.8662   0.8663   0.8664   0.8664   0.8663   0.8663
      inf   0.8626   0.8631   0.8629   0.8631   0.8634   0.8634   0.8636   0.8635   0.8635
      inf   0.8618   0.8615   0.8614   0.8612   0.8610   0.8607   0.8603   0.8605   0.8605
      inf   0.8543   0.8557   0.8561   0.8557   0.8564   0.8565   0.8568   0.8565   0.8567
      inf   0.8514   0.8534   0.8537   0.8539   0.8538   0.8538   0.8535   0.8532   0.8535
      inf   0.8522   0.8519   0.8516   0.8500   0.8499   0.8498   0.8497   0.8500   0.8501
      inf   0.8429   0.8442   0.8455   0.8460   0.8468   0.8470   0.8468   0.8463   0.8462
      inf   0.8444   0.8448   0.8448   0.8444   0.8440   0.8436   0.8436   0.8438   0.8438
      inf   0.8427   0.8404   0.8392   0.8397   0.8402   0.8401   0.8405   0.8407   0.8405
      inf   0.8380   0.8370   0.8361   0.8365   0.8369   0.8361   0.8355   0.8354   0.8357
      inf   0.8340   0.8337   0.8339   0.8328   0.8320   0.8322   0.8320   0.8323   0.8325
      inf   0.8284   0.8256   0.8257   0.8253   0.8259   0.8266   0.8270   0.8270   0.8268
      inf   0.8234   0.8243   0.8253   0.8258   0.8251   0.8249   0.8247   0.8247   0.8246
      inf   0.8250   0.8214   0.8205   0.8191   0.8192   0.8191   0.8196   0.8204   0.8201
      inf   0.8140   0.8157   0.8147   0.8137   0.8134   0.8138   0.8134   0.8135   0.8140
      inf   0.8126   0.8106   0.8111   0.8100   0.8090   0.8096   0.8095   0.8098   0.8095
      inf   0.8042   0.8033   0.8029   0.8040   0.8045   0.8031   0.8039   0.8039   0.8040
      inf   0.7988   0.7999   0.7989   0.7991   0.7968   0.7970   0.7973   0.7972   0.7977
      inf   0.7947   0.7912   0.7921   0.7922   0.7925   0.7911   0.7919   0.7923   0.7920
      inf   0.7794   0.7853   0.7834   0.7860   0.7861   0.7868   0.7855   0.7850   0.7852
      inf   0.7878   0.7839   0.7848   0.7779   0.7766   0.7767   0.7753   0.7768   0.7768
      inf   0.7451   0.7592   0.7631   0.7640   0.7652   0.7668   0.7686   0.7658   0.7666
      inf   0.7650   0.7660   0.7618   0.7645   0.7642   0.7639   0.7635   0.7636   0.7640
      inf   0.7603   0.7583   0.7581   0.7569   0.7533   0.7497   0.7487   0.7501   0.7511
      inf   0.7470   0.7431   0.7416   0.7455   0.7457   0.7445   0.7450   0.7448   0.7436
      inf   0.7269   0.7264   0.7302   0.7306   0.7321   0.7331   0.7325   0.7304   0.7296
      inf   0.7223   0.7174   0.7167   0.7060   0.7073   0.7111   0.7104   0.7128   0.7119
      inf   0.6865   0.7070   0.7079   0.7112   0.7144   0.7140   0.7050   0.6997   0.7025
      inf   0.7150   0.6994   0.6781   0.6850   0.6854   0.6894   0.6936   0.6965   0.6967
      inf   0.7091   0.6911   0.6971   0.6990   0.6918   0.6844   0.6809   0.6842   0.6846
      inf   0.6499   0.6685   0.6632   0.6614   0.6504   0.6504   0.6493   0.6487   0.6529
      inf   0.5559   0.5276   0.5445   0.5697   0.5903   0.6014   0.6027   0.5989   0.5906
      inf   0.6100   0.5827   0.5699   0.5889   0.6008   0.5990   0.6076   0.5705   0.5727
      inf   0.6160   0.6220   0.6074   0.6001   0.5864   0.5906   0.5792   0.5868   0.5931
      inf   0.5828   0.5897   0.5754   0.5693   0.5559   0.5683   0.5761   0.5772   0.5815
      inf   0.5150   0.5082   0.4726   0.4992   0.5010   0.5080   0.5207   0.5248   0.5257
      inf   0.5654   0.5195   0.5441   0.5555   0.5639   0.5665   0.5624   0.5658   0.5630
      inf   0.5370   0.5202   0.4998   0.4851   0.4677   0.4501   0.4528   0.4556   0.4443
      inf   0.3984   0.3169   0.3594   0.3272   0.3454   0.3334   0.3148   0.3032   0.2987
      inf   0.2927   0.3726   0.3423   0.3164   0.3430   0.3226   0.3362   0.3486   0.3558
      inf   0.1874   0.2962   0.3275   0.3153   0.3150   0.3085   0.2940   0.2971   0.3006
      inf   0.3483   0.2636   0.3083   0.2699   0.2616   0.2607   0.2498   0.2571   0.2684
      inf   0.3101   0.2642   0.2490   0.2412   0.2352   0.2278   0.2300   0.2245   0.2231
      inf   0.2681   0.2878   0.3034   0.2811   0.2502   0.2423   0.2332   0.2217   0.2165
      inf   0.2006   0.1871   0.1846   0.1973   0.2142   0.2038   0.2015   0.2052   0.2114
      inf   0.1643   0.2224   0.2116   0.1967   0.1878   0.1774   0.1718   0.1737   0.1686
      inf   0.1341   0.1569   0.1501   0.1399   0.1628   0.1570   0.1554   0.1594   0.1652
      inf   0.1479   0.1729   0.1631   0.1808   0.1775   0.1737   0.1834   0.1836   0.1826
      inf   0.2030   0.1817   0.1722   0.1719   0.1770   0.1704   0.1665   0.1622   0.1652
      inf   0.1105   0.1235   0.1207   0.1252   0.1318   0.1328   0.1370   0.1383   0.1450
      inf   0.1287   0.1380   0.1458   0.1501   0.1418   0.1446   0.1450   0.1460   0.1460
      inf   0.1196   0.1345   0.1375   0.1406   0.1453   0.1369   0.1377   0.1379   0.1429
      inf   0.1454   0.1587   0.1532   0.1457   0.1389   0.1377   0.1389   0.1367   0.1349
      inf   0.1087   0.1150   0.1224   0.1160   0.1164   0.1203   0.1259   0.1275   0.1274
      inf   0.1224   0.1059   0.1082   0.1122   0.1113   0.1131   0.1154   0.1153   0.1149
      inf   0.1083   0.1050   0.1067   0.1047   0.1075   0.1105   0.1100   0.1088   0.1080
      inf   0.1033   0.1091   0.1138   0.1154   0.1129   0.1159   0.1175   0.1134   0.1114
      inf   0.1092   0.1044   0.1082   0.1074   0.1028   0.0993   0.0990   0.1006   0.1023
      inf   0.0992   0.1092   0.1065   0.1071   0.1021   0.1022   0.1021   0.1004   0.1001
      inf   0.1139   0.1005   0.1081   0.1050   0.1034   0.1066   0.1036   0.1062   0.1047
      inf   0.1258   0.1156   0.1042   0.1018   0.1008   0.1000   0.0970   0.0951   0.0951
      inf   0.1155   0.1050   0.1023   0.0962   0.0948   0.0946   0.0959   0.0956   0.0946
      inf   0.0965   0.1002   0.1001   0.1034   0.0995   0.0980   0.0975   0.0981   0.0971
      inf   0.0906   0.0891   0.0808   0.0821   0.0802   0.0847   0.0856   0.0852   0.0840
      inf   0.0781   0.0840   0.0856   0.0907   0.0885   0.0879   0.0859   0.0840   0.0856
      inf   0.0835   0.0878   0.0865   0.0871   0.0848   0.0844   0.0879   0.0861   0.0856
      inf   0.0820   0.0811   0.0857   0.0825   0.0806   0.0809   0.0808   0.0806   0.0800
      inf   0.0743   0.0806   0.0813   0.0806   0.0788   0.0780   0.0778   0.0784   0.0782
      inf   0.0666   0.0715   0.0770   0.0794   0.0784   0.0770   0.0756   0.0770   0.0763
      inf   0.0774   0.0896   0.0869   0.0858   0.0843   0.0821   0.0811   0.0801   0.0777
      inf   0.0829   0.0715   0.0717   0.0705   0.0721   0.0735   0.0747   0.0746   0.0742
      inf   0.0795   0.0770   0.0740   0.0732   0.0745   0.0751   0.0769   0.0768   0.0764
      inf   0.0723   0.0727   0.0774   0.0749   0.0723   0.0710   0.0701   0.0708   0.0718
      inf   0.0641   0.0663   0.0699   0.0675   0.0696   0.0707   0.0703   0.0718   0.0721
      inf   0.0740   0.0700   0.0689   0.0685   0.0680   0.0680   0.0681   0.0681   0.0694
      inf   0.0653   0.0658   0.0683   0.0690   0.0683   0.0692   0.0688   0.0687   0.0695
      inf   0.0749   0.0683   0.0678   0.0670   0.0657   0.0647   0.0653   0.0662   0.0666
      inf   0.0636   0.0695   0.0667   0.0645   0.0648   0.0658   0.0658   0.0654   0.0650
      inf   0.0636   0.0630   0.0651   0.0627   0.0624   0.0626   0.0629   0.0625   0.0627
      inf   0.0653   0.0626   0.0644   0.0625   0.0623   0.0619   0.0615   0.0624   0.0618
      inf   0.0624   0.0592   0.0613   0.0602   0.0592   0.0590   0.0610   0.0598   0.0600
      inf   0.0612   0.0603   0.0596   0.0613   0.0596   0.0602   0.0605   0.0609   0.0611
      inf   0.0621   0.0603   0.0612   0.0605   0.0610   0.0609   0.0597   0.0606   0.0606
      inf   0.0595   0.0567   0.0564   0.0574   0.0578   0.0577   0.0582   0.0576   0.0571
      inf   0.0653   0.0642   0.0611   0.0606   0.0601   0.0596   0.0588   0.0584   0.0588
      inf   0.0604   0.0557   0.0563   0.0574   0.0567   0.0575   0.0570   0.0565   0.0565
      inf   0.0597   0.0616   0.0602   0.0587   0.0584   0.0587   0.0583   0.0585   0.0582
      inf   0.0595   0.0566   0.0577   0.0585   0.0584   0.0571   0.0569   0.0565   0.0567
      inf   0.0592   0.0550   0.0551   0.0545   0.0534   0.0537   0.0540   0.0536   0.0541
      inf   0.0511   0.0504   0.0502   0.0516   0.0517   0.0520   0.0523   0.0523   0.0523
      inf   0.0523   0.0574   0.0584   0.0571   0.0569   0.0562   0.0558   0.0551   0.0539
      inf   0.0555   0.0521   0.0522   0.0510   0.0520   0.0517   0.0527   0.0535   0.0535
      inf   0.0517   0.0505   0.0523   0.0523   0.0523   0.0524   0.0531   0.0527   0.0523
      inf   0.0458   0.0482   0.0490   0.0498   0.0504   0.0506   0.0519   0.0521   0.0519
      inf   0.0474   0.0485   0.0481   0.0475   0.0474   0.0481   0.0492   0.0493   0.0491
      inf   0.0531   0.0520   0.0517   0.0515   0.0516   0.0517   0.0513   0.0512   0.0511
      inf   0.0477   0.0499   0.0478   0.0487   0.0488   0.0494   0.0492   0.0500   0.0506
      inf   0.0466   0.0511   0.0498   0.0491   0.0488   0.0488   0.0493   0.0494   0.0496
      inf   0.0504   0.0483   0.0489   0.0497   0.0491   0.0488   0.0485   0.0483   0.0482

      nan   0.7227   0.7207   0.7193   0.7173   0.7143   0.7109   0.7124   0.7135   0.7132
      nan   0.7195   0.7177   0.7161   0.7268   0.7261   0.7246   0.7244   0.7236   0.7231
      nan   0.7630   0.7395   0.7452   0.7418   0.7386   0.7379   0.7331   0.7348   0.7346
      nan   0.7528   0.7334   0.7375   0.7343   0.7354   0.7402   0.7418   0.7449   0.7414
      nan   0.7210   0.7430   0.7474   0.7488   0.7543   0.7529   0.7517   0.7499   0.7490
      nan   0.7544   0.7706   0.7676   0.7614   0.7614   0.7611   0.7663   0.7637   0.7651
      nan   0.7673   0.7644   0.7646   0.7771   0.7734   0.7753   0.7767   0.7743   0.7731
      nan   0.8083   0.7927   0.7971   0.7971   0.7914   0.7875   0.7847   0.7855   0.7868
      nan   0.8209   0.8031   0.7973   0.7941   0.7944   0.7963   0.7967   0.8002   0.7999
      nan   0.8165   0.8104   0.8074   0.8031   0.8136   0.8120   0.8113   0.8107   0.8094
      nan   0.8173   0.8292   0.8261   0.8248   0.8244   0.8242   0.8263   0.8225   0.8254
      nan   0.8398   0.8239   0.8272   0.8299   0.8277   0.8339   0.8353   0.8326   0.8325
      nan   0.8661   0.8479   0.8526   0.8588   0.8537   0.8531   0.8481   0.8484   0.8487
      nan   0.8720   0.8542   0.8544   0.8484   0.8613   0.8577   0.8582   0.8612   0.8578
      nan   0.8443   0.8660   0.8617   0.8680   0.8724   0.8694   0.8714   0.8642   0.8661
      nan   0.8575   0.8773   0.8778   0.8802   0.8751   0.8764   0.8773   0.8746   0.8786
      nan   0.8678   0.8784   0.8843   0.8811   0.8781   0.8890   0.8876   0.8861   0.8866
      nan   0.8908   0.8997   0.9041   0.9064   0.9002   0.8991   0.8982   0.9014   0.9014
      nan   0.9468   0.9193   0.9176   0.9094   0.9130   0.9124   0.9161   0.9172   0.9157
      nan   0.8807   0.8972   0.9110   0.9195   0.9288   0.9294   0.9288   0.9227   0.9224
      nan   0.9500   0.9617   0.9571   0.9401   0.9339   0.9300   0.9361   0.9388   0.9443
      nan   0.8873   0.9419   0.9267   0.9443   0.9460   0.9506   0.9546   0.9494   0.9511
      nan   1.0148   0.9905   0.9946   0.9903   0.9783   0.9741   0.9695   0.9741   0.9760
      nan   0.9739   0.9562   0.9633   0.9635   0.9705   0.9823   0.9823   0.9842   0.9808
      nan   1.0156   1.0087   1.0291   1.0213   1.0209   1.0169   1.0080   1.0104   1.0076
      nan   1.0570   1.0352   1.0378   1.0112   1.0255   1.0196   1.0292   1.0321   1.0313
      nan   0.9638   1.0101   1.0102   1.0641   1.0641   1.0711   1.0715   1.0585   1.0559
      nan   1.1325   1.1127   1.1024   1.1013   1.0823   1.0760   1.0766   1.0782   1.0817
      nan   1.1083   1.0809   1.0611   1.0633   1.0690   1.0809   1.0768   1.0791   1.0835
      nan   1.0826   1.0824   1.1067   1.0916   1.0979   1.1072   1.0958   1.0965   1.0930
      nan   1.0798   1.1214   1.1271   1.1019   1.1047   1.0975   1.1245   1.1239   1.1247
      nan   1.0551   1.0870   1.0741   1.0998   1.1122   1.1176   1.1272   1.1204   1.1183
      nan   1.1475   1.1863   1.1941   1.2057   1.2034   1.2082   1.1894   1.1780   1.1877
      nan   1.2285   1.2055   1.1875   1.1724   1.1574   1.1604   1.1562   1.1638   1.1697
      nan   1.1780   1.1780   1.1812   1.1906   1.2047   1.2189   1.2068   1.2021   1.1970
      nan   1.2166   1.2137   1.2463   1.2329   1.2278   1.2027   1.2058   1.2074   1.2047
      nan   1.2046   1.2146   1.1855   1.2053   1.2131   1.2082   1.2153   1.2190   1.2177
      nan   1.2462   1.2874   1.2812   1.2948   1.2941   1.3083   1.2885   1.2791   1.2799
      nan   1.3747   1.3968   1.3386   1.3210   1.3412   1.3408   1.3341   1.3382   1.3428
      nan   1.2945   1.2923   1.3005   1.3072   1.3298   1.3637   1.3574   1.3510   1.3425
      nan   1.3470   1.3475   1.4073   1.3730   1.3777   1.3475   1.3783   1.3754   1.3741
      nan   1.3219   1.3857   1.3405   1.4434   1.4662   1.4504   1.4563   1.4508   1.4417
      nan   1.6004   1.6072   1.5555   1.5274   1.5334   1.4977   1.4803   1.4977   1.5012
      nan   1.5705   1.4899   1.4867   1.4579   1.4484   1.4510   1.4833   1.4956   1.4854
      nan   1.5692   1.6769   1.6377   1.6468   1.6809   1.7499   1.7504   1.7317   1.7366
      nan   1.6490   1.6057   1.6098   1.5827   1.5704   1.5920   1.5728   1.5903   1.5894
      nan   2.0136   1.8612   1.7366   1.7088   1.6857   1.6634   1.6876   1.7416   1.7296
      nan   1.5938   1.6724   1.6740   1.8612   1.8738   1.8138   1.8130   1.7945   1.7932
      nan   1.6461   1.6737   1.6689   1.6734   1.6555   1.6582   1.8058   1.8523   1.8203
      nan   1.6247   1.7240   2.0175   1.9162   1.9455   1.9230   1.9311   1.8958   1.8728
      nan   1.8674   1.9042   1.8017   1.8014   1.8929   1.9356   1.9476   1.9585   1.9510
      nan   2.4484   2.1324   2.1839   2.1471   2.2005   2.1424   2.1162   2.1470   2.1179
      nan   1.9719   2.5204   2.3626   2.3332   2.3650   2.3047   2.2508   2.2803   2.3681
      nan   2.0968   2.1145   2.3147   2.2834   2.2437   2.1532   2.1850   2.4564   2.4186
      nan   1.9441   1.8371   2.0262   2.2209   2.3199   2.2629   2.2486   2.2289   2.1866
      nan   1.8911   1.9038   2.0014   2.0716   2.1407   2.1851   2.1570   2.1341   2.1108
      nan   2.0082   1.9550   2.3518   2.3147   2.3690   2.3585   2.3557   2.3606   2.3082
      nan   1.7130   1.8514   1.9649   1.9535   1.9600   1.9878   2.0094   2.0472   2.0476
      nan   1.9187   1.9262   2.0216   2.0684   2.0630   2.0695   2.0869   2.1316   2.1229
      nan   1.7128   1.6823   1.7936   1.8458   1.9181   1.9125   1.9235   1.8921   1.8950
      nan   1.5819   1.7484   1.7892   1.8204   2.0167   1.9388   1.9785   2.0002   1.9698
      nan   1.4701   2.0579   2.1883   2.1095   2.0671   2.0756   2.0477   1.9891   1.9474
      nan   1.6189   1.6098   1.9468   1.9188   1.8759   1.8541   1.8122   1.8149   1.8478
      nan   1.7521   1.7189   1.6925   1.6659   1.6961   1.7460   1.7425   1.7284   1.7158
      nan   1.6126   1.6903   1.8618   1.8380   1.8122   1.7799   1.7898   1.7431   1.7285
      nan   1.7118   1.6292   1.6098   1.6554   1.6955   1.6511   1.6657   1.6692   1.6618
      nan   1.3017   1.5561   1.5836   1.5353   1.5262   1.5199   1.5086   1.5063   1.4748
      nan   1.3469   1.4481   1.4411   1.4128   1.4741   1.4725   1.4468   1.4306   1.4474
      nan   1.4525   1.4336   1.4260   1.4610   1.4482   1.4314   1.4718   1.4796   1.4654
      nan   1.5117   1.4359   1.3986   1.4062   1.3991   1.3829   1.3945   1.3980   1.3985
      nan   1.2530   1.3022   1.2995   1.3072   1.2880   1.2761   1.2884   1.3233   1.3456
      nan   1.2202   1.2625   1.2801   1.2994   1.3139   1.3301   1.3149   1.3249   1.3376
      nan   1.2389   1.2565   1.2854   1.2977   1.3177   1.3085   1.2968   1.2884   1.2929
      nan   1.3601   1.3180   1.3043   1.2956   1.2916   1.2981   1.2917   1.2722   1.2741
      nan   1.1752   1.2244   1.2693   1.2881   1.2901   1.2840   1.2940   1.2880   1.2817
      nan   1.1848   1.2565   1.2436   1.2568   1.2589   1.2426   1.2262   1.2240   1.2220
      nan   1.2128   1.2784   1.2244   1.2112   1.2055   1.2041   1.2070   1.1905   1.2003
      nan   1.1720   1.1902   1.2361   1.2354   1.2057   1.2039   1.2047   1.2217   1.2249
      nan   1.1981   1.1767   1.1692   1.1558   1.1497   1.1606   1.1569   1.1708   1.1704
      nan   1.0993   1.1152   1.1272   1.1166   1.1126   1.1076   1.1208   1.1223   1.1192
      nan   1.0739   1.0899   1.0954   1.1068   1.1063   1.1034   1.0963   1.0996   1.1080
      nan   1.0906   1.0985   1.1127   1.0953   1.0834   1.0932   1.0856   1.0829   1.0940
      nan   1.1204   1.1196   1.1447   1.1501   1.1342   1.1239   1.1290   1.1134   1.1120
      nan   1.1109   1.1396   1.0986   1.1004   1.0917   1.0809   1.0783   1.0865   1.0895
      nan   1.0429   1.0544   1.0365   1.0387   1.0294   1.0468   1.0437   1.0495   1.0502
      nan   1.0190   1.0195   1.0208   1.0284   1.0411   1.0353   1.0386   1.0310   1.0401
      nan   1.0049   1.0288   1.0260   1.0226   1.0192   1.0153   1.0202   1.0180   1.0169
      nan   0.9622   0.9734   1.0165   1.0285   1.0426   1.0351   1.0341   1.0394   1.0279
      nan   1.0387   1.0186   0.9969   0.9997   1.0048   0.9929   0.9886   0.9881   0.9879
      nan   0.9530   0.9762   0.9855   1.0028   0.9998   1.0094   1.0031   1.0005   1.0054
      nan   1.0050   1.0254   1.0078   0.9936   1.0012   1.0045   0.9934   0.9847   0.9882
      nan   0.9659   0.9711   0.9530   0.9555   0.9598   0.9665   0.9627   0.9695   0.9697
      nan   0.9982   0.9784   0.9853   0.9860   0.9807   0.9786   0.9680   0.9614   0.9578
      nan   0.9246   0.9481   0.9525   0.9545   0.9606   0.9572   0.9467   0.9475   0.9468
      nan   0.8942   0.9074   0.9333   0.9147   0.9161   0.9274   0.9299   0.9400   0.9366
      nan   0.8641   0.8901   0.8924   0.8818   0.8974   0.9038   0.9028   0.9020   0.9047
      nan   0.8454   0.8828   0.8841   0.8840   0.8817   0.8864   0.8808   0.8844   0.8830
      nan   0.9076   0.9041   0.8824   0.8860   0.8924   0.8969   0.8982   0.8953   0.8923
      nan   0.8752   0.8907   0.8942   0.8911   0.8828   0.8777   0.8720   0.8719   0.8699
      nan   0.8651   0.8592   0.8559   0.8591   0.8498   0.8641   0.8637   0.8704   0.8701
      nan   0.8506   0.8345   0.8395   0.8429   0.8510   0.8495   0.8542   0.8522   0.8561
      nan   0.8875   0.8917   0.8788   0.8727   0.8748   0.8735   0.8740   0.8729   0.8686
      nan   0.8271   0.8383   0.8390   0.8309   0.8340   0.8289   0.8283   0.8353   0.8395
      nan   0.8234   0.8382   0.8470   0.8360   0.8266   0.8345   0.8376   0.8351   0.8338
      nan   0.8530   0.8424   0.8412   0.8307   0.8336   0.8403   0.8400   0.8439   0.8408
      nan   0.8067   0.8178   0.8007   0.8019   0.8077   0.8161   0.8134   0.8115   0.8130
      nan   0.8093   0.8003   0.7951   0.7967   0.7944   0.8012   0.7993   0.8006   0.8009
      nan   0.7711   0.7891   0.7696   0.7661   0.7708   0.7841   0.7856   0.7923   0.7927
      nan   0.8228   0.8198   0.8081   0.8110   0.8099   0.8069   0.8015   0.8004   0.8037
      nan   0.7753   0.7742   0.7753   0.7739   0.7795   0.7818   0.7809   0.7855   0.7832
      nan   0.7671   0.7752   0.7734   0.7801   0.7915   0.7900   0.7863   0.7822   0.7811
      nan   0.7966   0.7945   0.7756   0.7698   0.7720   0.7701   0.7758   0.7772   0.7735
      nan   0.7414   0.7441   0.7484   0.7460   0.7511   0.7480   0.7568   0.7577   0.7585
      nan   0.7798   0.7788   0.7671   0.7650   0.7639   0.7591   0.7591   0.7585   0.7588
      nan   0.7466   0.7379   0.7317   0.7271   0.7344   0.7332   0.7330   0.7379   0.7395
      nan   0.7495   0.7487   0.7460   0.7544   0.7530   0.7494   0.7462   0.7415   0.7392
      nan   0.7167   0.7279   0.7167   0.7201   0.7197   0.7202   0.7218   0.7223   0.7261
      nan   0.7189   0.7159   0.7095   0.7081   0.7190   0.7194   0.7198   0.7227   0.7241
      nan   0.7511   0.7340   0.7191   0.7344   0.7310   0.7310   0.7306   0.7349   0.7356
      nan   0.7040   0.7033   0.7063   0.7139   0.7162   0.7125   0.7102   0.7084   0.7107

          nan   3.9184e-01   3.9477e-01   3.8854e-01   3.7776e-01   3.7961e-01   3.7757e-01   3.7812e-01   3.8031e-01   3.8041e-01
          nan   3.5139e-01   3.8165e-01   3.8720e-01   3.9545e-01   3.9917e-01   3.9412e-01   3.9812e-01   3.9265e-01   3.9295e-01
          nan   4.3780e-01   4.0994e-01   4.1499e-01   4.1453e-01   4.0592e-01   4.0493e-01   4.0728e-01   4.0871e-01   4.0839e-01
          nan   4.4753e-01   4.1027e-01   4.1099e-01   4.2160e-01   4.1880e-01   4.2522e-01   4.2369e-01   4.2766e-01   4.2247e-01
          nan   4.4465e-01   4.9759e-01   4.7882e-01   4.6685e-01   4.6787e-01   4.6094e-01   4.5310e-01   4.5106e-01   4.6306e-01
          nan   4.6137e-01   4.8352e-01   4.7332e-01   4.5763e-01   4.6352e-01   4.6868e-01   4.6908e-01   4.6628e-01   4.6901e-01
          nan   4.2773e-01   4.6729e-01   4.8071e-01   4.8289e-01   4.7972e-01   4.8241e-01   4.8418e-01   4.7700e-01   4.7580e-01
          nan   5.0149e-01   4.9213e-01   4.9346e-01   4.9839e-01   4.9313e-01   4.8664e-01   4.9546e-01   4.9573e-01   4.9635e-01
          nan   5.5934e-01   5.3254e-01   5.2072e-01   5.3009e-01   5.2307e-01   5.1904e-01   5.1986e-01   5.2983e-01   5.2947e-01
          nan   5.7431e-01   5.5565e-01   5.3929e-01   5.3976e-01   5.5870e-01   5.5532e-01   5.4997e-01   5.5159e-01   5.4896e-01
          nan   5.7805e-01   5.8970e-01   6.0206e-01   5.8740e-01   5.8896e-01   6.0536e-01   5.9502e-01   5.9131e-01   5.9043e-01
          nan   6.1149e-01   5.9887e-01   6.1437e-01   6.0186e-01   5.9964e-01   6.0244e-01   6.1172e-01   6.0337e-01   6.0699e-01
          nan   6.8919e-01   6.4228e-01   6.2788e-01   6.5173e-01   6.4661e-01   6.4937e-01   6.4242e-01   6.4728e-01   6.4367e-01
          nan   6.6746e-01   6.4341e-01   6.5390e-01   6.4079e-01   7.3827e-01   7.2238e-01   7.0771e-01   7.0342e-01   6.9393e-01
          nan   6.2223e-01   6.8066e-01   6.7020e-01   6.6970e-01   6.7359e-01   6.6610e-01   6.6829e-01   6.5872e-01   6.6806e-01
          nan   6.7464e-01   6.9041e-01   6.9023e-01   6.9158e-01   6.8420e-01   6.8710e-01   6.9541e-01   6.9258e-01   6.9502e-01
          nan   6.5867e-01   7.1413e-01   7.3167e-01   7.1046e-01   7.0300e-01   7.1737e-01   7.1413e-01   7.1335e-01   7.1574e-01
          nan   7.0990e-01   7.3767e-01   7.3487e-01   7.3739e-01   7.3588e-01   7.3892e-01   7.4410e-01   7.4770e-01   7.4695e-01
          nan   8.7867e-01   8.5577e-01   8.3829e-01   8.1187e-01   8.2033e-01   8.0133e-01   8.1906e-01   8.1772e-01   8.2553e-01
          nan   7.6447e-01   7.9659e-01   7.9093e-01   8.4429e-01   8.5587e-01   8.7313e-01   8.7434e-01   8.6184e-01   8.5558e-01
          nan   1.0167e+00   9.7132e-01   9.6363e-01   9.2090e-01   9.0025e-01   8.9153e-01   9.2865e-01   9.4264e-01   9.4244e-01
          nan   8.8328e-01   9.7769e-01   9.6410e-01   9.9314e-01   9.7370e-01   9.6810e-01   9.7291e-01   9.6786e-01   9.7308e-01
          nan   1.2387e+00   1.0982e+00   1.0948e+00   1.0675e+00   1.0430e+00   1.0309e+00   1.0194e+00   1.0493e+00   1.0401e+00
          nan   9.5212e-01   9.3901e-01   9.8350e-01   1.0164e+00   1.0254e+00   1.0527e+00   1.0611e+00   1.0715e+00   1.0612e+00
          nan   1.7039e+00   1.4291e+00   1.3440e+00   1.3560e+00   1.3066e+00   1.2744e+00   1.2341e+00   1.2986e+00   1.2685e+00
          nan   1.3829e+00   1.2593e+00   1.2632e+00   1.2128e+00   1.3133e+00   1.2812e+00   1.3037e+00   1.3131e+00   1.2973e+00
          nan   1.0523e+00   1.1691e+00   1.2154e+00   1.6556e+00   1.5906e+00   1.6082e+00   1.6156e+00   1.5508e+00   1.5201e+00
          nan   1.8932e+00   1.6731e+00   1.5777e+00   1.5454e+00   1.4633e+00   1.4351e+00   1.5780e+00   1.6131e+00   1.5930e+00
          nan   1.6530e+00   1.4865e+00   1.4045e+00   1.5461e+00   1.5530e+00   1.5728e+00   1.5456e+00   1.5373e+00   1.5476e+00
          nan   1.3490e+00   1.5389e+00   1.6251e+00   1.5444e+00   1.5356e+00   1.5554e+00   1.5158e+00   1.4989e+00   1.5146e+00
          nan   1.3517e+00   1.5945e+00   1.6862e+00   1.6137e+00   1.5874e+00   1.6435e+00   1.8881e+00   1.8983e+00   1.8565e+00
          nan   1.5003e+00   1.5891e+00   1.5094e+00   1.7946e+00   1.8230e+00   1.8245e+00   1.8218e+00   1.7890e+00   1.7730e+00
          nan   1.9988e+00   2.1827e+00   2.2288e+00   2.6117e+00   2.4854e+00   2.4444e+00   2.3260e+00   2.2750e+00   2.2855e+00
          nan   2.2617e+00   2.0952e+00   2.0374e+00   1.9660e+00   1.9452e+00   1.9149e+00   1.9112e+00   1.9482e+00   1.9552e+00
          nan   2.0007e+00   2.2493e+00   2.1317e+00   2.3909e+00   2.3727e+00   2.4007e+00   2.3274e+00   2.2837e+00   2.2990e+00
          nan   2.5916e+00   2.2825e+00   2.5589e+00   2.6638e+00   2.7392e+00   2.6152e+00   2.5880e+00   2.5821e+00   2.5159e+00
          nan   2.2273e+00   2.7515e+00   2.5770e+00   2.7603e+00   2.9082e+00   2.7758e+00   2.7367e+00   2.6830e+00   2.7435e+00
          nan   2.5192e+00   2.8804e+00   2.8879e+00   2.8350e+00   2.8573e+00   3.2265e+00   3.0844e+00   3.0126e+00   2.9960e+00
          nan   3.2371e+00   3.3973e+00   3.2148e+00   3.2663e+00   4.2348e+00   4.0551e+00   3.8523e+00   3.8046e+00   3.7118e+00
          nan   3.1929e+00   3.5203e+00   3.3239e+00   3.3601e+00   3.3968e+00   3.8691e+00   3.7837e+00   3.7217e+00   3.7037e+00
          nan   6.1088e+00   4.7127e+00   4.9503e+00   4.4700e+00   4.5437e+00   4.3741e+00   5.0648e+00   4.9953e+00   5.0113e+00
          nan   3.2850e+00   3.8426e+00   3.5949e+00   6.8008e+00   6.8396e+00   6.5601e+00   6.5513e+00   6.2091e+00   5.9892e+00
          nan   1.6008e+01   1.2040e+01   9.8107e+00   8.5129e+00   7.9477e+00   7.4343e+00   6.9666e+00   8.3610e+00   8.1445e+00
          nan   5.8825e+00   5.1610e+00   6.7155e+00   6.0288e+00   5.8958e+00   5.8427e+00   6.3531e+00   6.2961e+00   6.0741e+00
          nan   5.8781e+00   7.1687e+00   6.6293e+00   6.8043e+00   7.8470e+00   1.0694e+01   1.1314e+01   1.0693e+01   1.0458e+01
          nan   6.8521e+00   8.1938e+00   8.4002e+00   7.6968e+00   7.6811e+00   8.4104e+00   8.0522e+00   7.9940e+00   8.1514e+00
          nan   1.4538e+01   1.3686e+01   1.1356e+01   1.0687e+01   1.0205e+01   9.6475e+00   1.0550e+01   1.1794e+01   1.1877e+01
          nan   1.1739e+01   1.6840e+01   1.6435e+01   2.3649e+01   2.1204e+01   1.9668e+01   1.8999e+01   1.8004e+01   1.8654e+01
          nan   2.0302e+01   1.7057e+01   2.0290e+01   1.8047e+01   1.6233e+01   1.5165e+01   2.2805e+01   2.7151e+01   2.5230e+01
          nan   9.1113e+00   1.3976e+01   3.2509e+01   2.7434e+01   2.6850e+01   2.4759e+01   2.3489e+01   2.1955e+01   2.0898e+01
          nan   9.6662e+00   1.4286e+01   1.2292e+01   1.2354e+01   2.0532e+01   2.2693e+01   2.3412e+01   2.2155e+01   2.1478e+01
          nan   4.7333e+01   3.1328e+01   3.2370e+01   3.0508e+01   4.4267e+01   4.1445e+01   3.9078e+01   3.9984e+01   3.7543e+01
          nan   4.1952e+01   1.5148e+02   1.2121e+02   1.0530e+02   9.5040e+01   8.6864e+01   7.7988e+01   7.5561e+01   9.5588e+01
          nan   3.9607e+01   6.0931e+01   6.8600e+01   6.0261e+01   5.4151e+01   5.2736e+01   5.0441e+01   1.2600e+02   1.1785e+02
          nan   3.9524e+01   2.9878e+01   4.6434e+01   5.4678e+01   5.9733e+01   5.4707e+01   5.8814e+01   5.5677e+01   5.2496e+01
          nan   4.4834e+01   3.7383e+01   6.4885e+01   6.1430e+01   6.6695e+01   6.3700e+01   5.9658e+01   5.7720e+01   5.4363e+01
          nan   6.4184e+01   7.4014e+01   1.5325e+02   1.3361e+02   1.2661e+02   1.1743e+02   1.0941e+02   1.0459e+02   9.7354e+01
          nan   3.0428e+01   6.9581e+01   6.1383e+01   5.3314e+01   4.8409e+01   4.9784e+01   4.9657e+01   4.7558e+01   4.8289e+01
          nan   3.8573e+01   4.0667e+01   6.7436e+02   1.0155e+03   1.0363e+03   9.6694e+02   9.4029e+02   9.0457e+02   9.2770e+02
          nan   6.4422e+01   3.2288e+02   6.7118e+02   5.8622e+02   6.4524e+02   6.1306e+02   5.6330e+02   5.2772e+02   5.1796e+02
          nan   4.1089e+02   3.6254e+02   4.1647e+02   4.3414e+02   4.7480e+02   4.2101e+02   3.9710e+02   3.7840e+02   3.5373e+02
          nan   2.2188e+02   4.8663e+02   6.0642e+02   5.7042e+02   5.6776e+02   5.3875e+02   4.8871e+02   5.1120e+02   5.2256e+02
          nan   1.0770e+02   2.6246e+02   5.3205e+02   4.4289e+02   4.1479e+02   4.0746e+02   3.8340e+02   3.9393e+02   4.1095e+02
          nan   8.5351e+01   1.5700e+02   2.5735e+02   3.0904e+02   3.2451e+02   3.3157e+02   3.3790e+02   3.2296e+02   3.1476e+02
          nan   2.0258e+02   3.8060e+02   3.6397e+02   3.9223e+02   3.3823e+02   3.4396e+02   3.2914e+02   3.0518e+02   2.9823e+02
          nan   2.1958e+02   2.1545e+02   2.1345e+02   2.3934e+02   2.8269e+02   2.5824e+02   2.6168e+02   2.7655e+02   2.8218e+02
          nan   1.5348e+02   2.8244e+02   2.6400e+02   2.3432e+02   2.1405e+02   1.9018e+02   1.8876e+02   1.9753e+02   1.8664e+02
          nan   1.0960e+02   1.3745e+02   1.3776e+02   1.2356e+02   1.6359e+02   1.5810e+02   1.5269e+02   1.5843e+02   1.7167e+02
          nan   1.5680e+02   1.9327e+02   1.7271e+02   1.9657e+02   1.8367e+02   1.8491e+02   2.0603e+02   2.0734e+02   2.0336e+02
          nan   7.5702e+01   1.0118e+02   9.8329e+01   9.1771e+01   1.3734e+02   1.4133e+02   1.4915e+02   1.3980e+02   1.4316e+02
          nan   7.8410e+01   9.9375e+01   9.7730e+01   1.0610e+02   1.1699e+02   1.1882e+02   1.2486e+02   1.2747e+02   1.3993e+02
          nan   5.7811e+01   8.7576e+01   1.2409e+02   1.2690e+02   1.2059e+02   1.2395e+02   1.2991e+02   1.3190e+02   1.3285e+02
          nan   9.1476e+01   1.0597e+02   1.1646e+02   1.2194e+02   1.3301e+02   1.2094e+02   1.2343e+02   1.2384e+02   1.3049e+02
          nan   8.3863e+01   1.4110e+02   1.3099e+02   1.2085e+02   1.1927e+02   1.1892e+02   1.1936e+02   1.1728e+02   1.1423e+02
          nan   8.0877e+01   7.9437e+01   9.2755e+01   8.6753e+01   8.7309e+01   9.5795e+01   1.0497e+02   1.0833e+02   1.0720e+02
          nan   9.7220e+01   7.7194e+01   7.6175e+01   8.2161e+01   8.0594e+01   8.1315e+01   8.3476e+01   8.2305e+01   8.1415e+01
          nan   7.6275e+01   6.9986e+01   7.1978e+01   7.0279e+01   7.4534e+01   7.9683e+01   7.8397e+01   7.6373e+01   7.5473e+01
          nan   6.7895e+01   7.8072e+01   8.5352e+01   8.3922e+01   8.0755e+01   8.3887e+01   8.6232e+01   8.0636e+01   7.8188e+01
          nan   5.4745e+01   6.7016e+01   7.4493e+01   7.3255e+01   6.8441e+01   6.4029e+01   6.4419e+01   6.6417e+01   6.9723e+01
          nan   5.6271e+01   7.3091e+01   7.3167e+01   7.3091e+01   6.6849e+01   6.6849e+01   6.6560e+01   6.4747e+01   6.4739e+01
          nan   7.6578e+01   6.0383e+01   6.8527e+01   6.7869e+01   6.5860e+01   6.8102e+01   6.5901e+01   7.0504e+01   6.8825e+01
          nan   8.5424e+01   7.9343e+01   6.6263e+01   6.4664e+01   6.4968e+01   6.5178e+01   6.1894e+01   5.9637e+01   5.9218e+01
          nan   8.1138e+01   7.0135e+01   6.7153e+01   6.0754e+01   5.8683e+01   5.7066e+01   5.9230e+01   5.8393e+01   5.7129e+01
          nan   5.9946e+01   6.2105e+01   6.1773e+01   6.4286e+01   6.0622e+01   5.9403e+01   5.8879e+01   5.9590e+01   5.8712e+01
          nan   5.3097e+01   4.9582e+01   4.2264e+01   4.4084e+01   4.2463e+01   4.6865e+01   4.7335e+01   4.6735e+01   4.5660e+01
          nan   3.1915e+01   4.3008e+01   4.4769e+01   4.9383e+01   4.6819e+01   4.7169e+01   4.5350e+01   4.3881e+01   4.7052e+01
          nan   4.6470e+01   4.8113e+01   4.5928e+01   4.6686e+01   4.5001e+01   4.4429e+01   4.9152e+01   4.7315e+01   4.7307e+01
          nan   4.2901e+01   4.1972e+01   4.7475e+01   4.3714e+01   4.2842e+01   4.2846e+01   4.2294e+01   4.1929e+01   4.1299e+01
          nan   2.9587e+01   3.8613e+01   3.9804e+01   3.8895e+01   3.8495e+01   3.7940e+01   3.7284e+01   3.7841e+01   3.7934e+01
          nan   2.8711e+01   3.4411e+01   4.0013e+01   4.1068e+01   3.9839e+01   3.8348e+01   3.6893e+01   3.7996e+01   3.7263e+01
          nan   3.4270e+01   4.9525e+01   4.6862e+01   4.6363e+01   4.4498e+01   4.2564e+01   4.1566e+01   4.0879e+01   3.8789e+01
          nan   4.2597e+01   3.2640e+01   3.2583e+01   3.1525e+01   3.2581e+01   3.3963e+01   3.5151e+01   3.5402e+01   3.5062e+01
          nan   3.7082e+01   3.7476e+01   3.4582e+01   3.3820e+01   3.5203e+01   3.5827e+01   3.7827e+01   3.7628e+01   3.7440e+01
          nan   3.1643e+01   3.2950e+01   3.6688e+01   3.4995e+01   3.2769e+01   3.1811e+01   3.1312e+01   3.2024e+01   3.2856e+01
          nan   2.6309e+01   2.7872e+01   3.0408e+01   2.8444e+01   3.0399e+01   3.1335e+01   3.0985e+01   3.2283e+01   3.2766e+01
          nan   3.2376e+01   3.0437e+01   2.8890e+01   2.9220e+01   2.8877e+01   2.8876e+01   2.9180e+01   2.9119e+01   3.0335e+01
          nan   2.7035e+01   2.7458e+01   2.9796e+01   3.0345e+01   2.9960e+01   3.0483e+01   3.0071e+01   2.9756e+01   3.0494e+01
          nan   3.4106e+01   2.9930e+01   2.9675e+01   2.8990e+01   2.7650e+01   2.6739e+01   2.7169e+01   2.7856e+01   2.8058e+01
          nan   2.3446e+01   2.9397e+01   2.7827e+01   2.6192e+01   2.6716e+01   2.7547e+01   2.7529e+01   2.7305e+01   2.6865e+01
          nan   2.5521e+01   2.4350e+01   2.6215e+01   2.4561e+01   2.4210e+01   2.4569e+01   2.4741e+01   2.4422e+01   2.4572e+01
          nan   2.6250e+01   2.4368e+01   2.5868e+01   2.4590e+01   2.4325e+01   2.3930e+01   2.3529e+01   2.4471e+01   2.4001e+01
          nan   2.4435e+01   2.3547e+01   2.4714e+01   2.3742e+01   2.2768e+01   2.2656e+01   2.3942e+01   2.3087e+01   2.3167e+01
          nan   2.0633e+01   2.1266e+01   2.1162e+01   2.2549e+01   2.1487e+01   2.1902e+01   2.2198e+01   2.2585e+01   2.2993e+01
          nan   2.3659e+01   2.2045e+01   2.3349e+01   2.2706e+01   2.3154e+01   2.3192e+01   2.2467e+01   2.3041e+01   2.3070e+01
          nan   2.1175e+01   1.9317e+01   1.9533e+01   2.0081e+01   2.0397e+01   2.0324e+01   2.0868e+01   2.0447e+01   2.0063e+01
          nan   2.5701e+01   2.4838e+01   2.2426e+01   2.2087e+01   2.1937e+01   2.1706e+01   2.1130e+01   2.0867e+01   2.1025e+01
          nan   2.2745e+01   1.9450e+01   1.9728e+01   2.0537e+01   2.0053e+01   2.0470e+01   2.0140e+01   1.9739e+01   1.9612e+01
          nan   2.1633e+01   2.3023e+01   2.1888e+01   2.1096e+01   2.0805e+01   2.0945e+01   2.0755e+01   2.1053e+01   2.0954e+01
          nan   2.1223e+01   1.9110e+01   1.9734e+01   2.0284e+01   2.0469e+01   1.9924e+01   1.9774e+01   1.9537e+01   1.9678e+01
          nan   2.0418e+01   1.8222e+01   1.8398e+01   1.8104e+01   1.7361e+01   1.7551e+01   1.7791e+01   1.7517e+01   1.7750e+01
          nan   1.5729e+01   1.5571e+01   1.5245e+01   1.6335e+01   1.6328e+01   1.6676e+01   1.6879e+01   1.6900e+01   1.6843e+01
          nan   1.6867e+01   1.9698e+01   2.0248e+01   1.9675e+01   1.9570e+01   1.9081e+01   1.8909e+01   1.8394e+01   1.7681e+01
          nan   1.8372e+01   1.6446e+01   1.6252e+01   1.5505e+01   1.6321e+01   1.6034e+01   1.6556e+01   1.7160e+01   1.7193e+01
          nan   1.6719e+01   1.5538e+01   1.6968e+01   1.6871e+01   1.6770e+01   1.6858e+01   1.7376e+01   1.7076e+01   1.6802e+01
          nan   1.2724e+01   1.3931e+01   1.4520e+01   1.4881e+01   1.5332e+01   1.5367e+01   1.6296e+01   1.6419e+01   1.6349e+01
          nan   1.3686e+01   1.4433e+01   1.4121e+01   1.3867e+01   1.3901e+01   1.4279e+01   1.4863e+01   1.4849e+01   1.4648e+01
          nan   1.6773e+01   1.6492e+01   1.6278e+01   1.6152e+01   1.6302e+01   1.6301e+01   1.6082e+01   1.6042e+01   1.5925e+01
          nan   1.3235e+01   1.4735e+01   1.3600e+01   1.4115e+01   1.4169e+01   1.4517e+01   1.4390e+01   1.4861e+01   1.5370e+01
          nan   1.3080e+01   1.5856e+01   1.5058e+01   1.4477e+01   1.4238e+01   1.4314e+01   1.4589e+01   1.4636e+01   1.4726e+01
          nan   1.4814e+01   1.3851e+01   1.4212e+01   1.4710e+01   1.4490e+01   1.4320e+01   1.4126e+01   1.3932e+01   1.3953e+01

          nan   3.9184e-01   3.9477e-01   3.8854e-01   3.7776e-01   3.7961e-01   3.7757e-01   3.7812e-01   3.8031e-01   3.8041e-01
          nan   3.5139e-01   3.8165e-01   3.8720e-01   3.9545e-01   3.9917e-01   3.9412e-01   3.9812e-01   3.9265e-01   3.9295e-01
          nan   4.3780e-01   4.0994e-01   4.1499e-01   4.1453e-01   4.0592e-01   4.0493e-01   4.0728e-01   4.0871e-01   4.0839e-01
          nan   4.4753e-01   4.1027e-01   4.1099e-01   4.2160e-01   4.1880e-01   4.2522e-01   4.2369e-01   4.2766e-01   4.2247e-01
          nan   4.4465e-01   4.9759e-01   4.7882e-01   4.6685e-01   4.6787e-01   4.6094e-01   4.5310e-01   4.5106e-01   4.6306e-01
          nan   4.6137e-01   4.8352e-01   4.7332e-01   4.5763e-01   4.6352e-01   4.6868e-01   4.6908e-01   4.6628e-01   4.6901e-01
          nan   4.2773e-01   4.6729e-01   4.8071e-01   4.8289e-01   4.7972e-01   4.8241e-01   4.8418e-01   4.7700e-01   4.7580e-01
          nan   5.0149e-01   4.9213e-01   4.9346e-01   4.9839e-01   4.9313e-01   4.8664e-01   4.9546e-01   4.9573e-01   4.9635e-01
          nan   5.5934e-01   5.3254e-01   5.2072e-01   5.3009e-01   5.2307e-01   5.1904e-01   5.1986e-01   5.2983e-01   5.2947e-01
          nan   5.7431e-01   5.5565e-01   5.3929e-01   5.3976e-01   5.5870e-01   5.5532e-01   5.4997e-01   5.5159e-01   5.4896e-01
          nan   5.7805e-01   5.8970e-01   6.0206e-01   5.8740e-01   5.8896e-01   6.0536e-01   5.9502e-01   5.9131e-01   5.9043e-01
          nan   6.1149e-01   5.9887e-01   6.1437e-01   6.0186e-01   5.9964e-01   6.0244e-01   6.1172e-01   6.0337e-01   6.0699e-01
          nan   6.8919e-01   6.4228e-01   6.2788e-01   6.5173e-01   6.4661e-01   6.4937e-01   6.4242e-01   6.4728e-01   6.4367e-01
          nan   6.6746e-01   6.4341e-01   6.5390e-01   6.4079e-01   7.3827e-01   7.2238e-01   7.0771e-01   7.0342e-01   6.9393e-01
          nan   6.2223e-01   6.8066e-01   6.7020e-01   6.6970e-01   6.7359e-01   6.6610e-01   6.6829e-01   6.5872e-01   6.6806e-01
          nan   6.7464e-01   6.9041e-01   6.9023e-01   6.9158e-01   6.8420e-01   6.8710e-01   6.9541e-01   6.9258e-01   6.9502e-01
          nan   6.5867e-01   7.1413e-01   7.3167e-01   7.1046e-01   7.0300e-01   7.1737e-01   7.1413e-01   7.1335e-01   7.1574e-01
          nan   7.0990e-01   7.3767e-01   7.3487e-01   7.3739e-01   7.3588e-01   7.3892e-01   7.4410e-01   7.4770e-01   7.4695e-01
          nan   8.7867e-01   8.5577e-01   8.3829e-01   8.1187e-01   8.2033e-01   8.0133e-01   8.1906e-01   8.1772e-01   8.2553e-01
          nan   7.6447e-01   7.9659e-01   7.9093e-01   8.4429e-01   8.5587e-01   8.7313e-01   8.7434e-01   8.6184e-01   8.5558e-01
          nan   1.0167e+00   9.7132e-01   9.6363e-01   9.2090e-01   9.0025e-01   8.9153e-01   9.2865e-01   9.4264e-01   9.4244e-01
          nan   8.8328e-01   9.7769e-01   9.6410e-01   9.9314e-01   9.7370e-01   9.6810e-01   9.7291e-01   9.6786e-01   9.7308e-01
          nan   1.2387e+00   1.0982e+00   1.0948e+00   1.0675e+00   1.0430e+00   1.0309e+00   1.0194e+00   1.0493e+00   1.0401e+00
          nan   9.5212e-01   9.3901e-01   9.8350e-01   1.0164e+00   1.0254e+00   1.0527e+00   1.0611e+00   1.0715e+00   1.0612e+00
          nan   1.7039e+00   1.4291e+00   1.3440e+00   1.3560e+00   1.3066e+00   1.2744e+00   1.2341e+00   1.2986e+00   1.2685e+00
          nan   1.3829e+00   1.2593e+00   1.2632e+00   1.2128e+00   1.3133e+00   1.2812e+00   1.3037e+00   1.3131e+00   1.2973e+00
          nan   1.0523e+00   1.1691e+00   1.2154e+00   1.6556e+00   1.5906e+00   1.6082e+00   1.6156e+00   1.5508e+00   1.5201e+00
          nan   1.8932e+00   1.6731e+00   1.5777e+00   1.5454e+00   1.4633e+00   1.4351e+00   1.5780e+00   1.6131e+00   1.5930e+00
          nan   1.6530e+00   1.4865e+00   1.4045e+00   1.5461e+00   1.5530e+00   1.5728e+00   1.5456e+00   1.5373e+00   1.5476e+00
          nan   1.3490e+00   1.5389e+00   1.6251e+00   1.5444e+00   1.5356e+00   1.5554e+00   1.5158e+00   1.4989e+00   1.5146e+00
          nan   1.3517e+00   1.5945e+00   1.6862e+00   1.6137e+00   1.5874e+00   1.6435e+00   1.8881e+00   1.8983e+00   1.8565e+00
          nan   1.5003e+00   1.5891e+00   1.5094e+00   1.7946e+00   1.8230e+00   1.8245e+00   1.8218e+00   1.7890e+00   1.7730e+00
          nan   1.9988e+00   2.1827e+00   2.2288e+00   2.6117e+00   2.4854e+00   2.4444e+00   2.3260e+00   2.2750e+00   2.2855e+00
          nan   2.2617e+00   2.0952e+00   2.0374e+00   1.9660e+00   1.9452e+00   1.9149e+00   1.9112e+00   1.9482e+00   1.9552e+00
          nan   2.0007e+00   2.2493e+00   2.1317e+00   2.3909e+00   2.3727e+00   2.4007e+00   2.3274e+00   2.2837e+00   2.2990e+00
          nan   2.5916e+00   2.2825e+00   2.5589e+00   2.6638e+00   2.7392e+00   2.6152e+00   2.5880e+00   2.5821e+00   2.5159e+00
          nan   2.2273e+00   2.7515e+00   2.5770e+00   2.7603e+00   2.9082e+00   2.7758e+00   2.7367e+00   2.6830e+00   2.7435e+00
          nan   2.5192e+00   2.8804e+00   2.8879e+00   2.8350e+00   2.8573e+00   3.2265e+00   3.0844e+00   3.0126e+00   2.9960e+00
          nan   3.2371e+00   3.3973e+00   3.2148e+00   3.2663e+00   4.2348e+00   4.0551e+00   3.8523e+00   3.8046e+00   3.7118e+00
          nan   3.1929e+00   3.5203e+00   3.3239e+00   3.3601e+00   3.3968e+00   3.8691e+00   3.7837e+00   3.7217e+00   3.7037e+00
          nan   6.1088e+00   4.7127e+00   4.9503e+00   4.4700e+00   4.5437e+00   4.3741e+00   5.0648e+00   4.9953e+00   5.0113e+00
          nan   3.2850e+00   3.8426e+00   3.5949e+00   6.8008e+00   6.8396e+00   6.5601e+00   6.5513e+00   6.2091e+00   5.9892e+00
          nan   1.6008e+01   1.2040e+01   9.8107e+00   8.5129e+00   7.9477e+00   7.4343e+00   6.9666e+00   8.3610e+00   8.1445e+00
          nan   5.8825e+00   5.1610e+00   6.7155e+00   6.0288e+00   5.8958e+00   5.8427e+00   6.3531e+00   6.2961e+00   6.0741e+00
          nan   5.8781e+00   7.1687e+00   6.6293e+00   6.8043e+00   7.8470e+00   1.0694e+01   1.1314e+01   1.0693e+01   1.0458e+01
          nan   6.8521e+00   8.1938e+00   8.4002e+00   7.6968e+00   7.6811e+00   8.4104e+00   8.0522e+00   7.9940e+00   8.1514e+00
          nan   1.4538e+01   1.3686e+01   1.1356e+01   1.0687e+01   1.0205e+01   9.6475e+00   1.0550e+01   1.1794e+01   1.1877e+01
          nan   1.1739e+01   1.6840e+01   1.6435e+01   2.3649e+01   2.1204e+01   1.9668e+01   1.8999e+01   1.8004e+01   1.8654e+01
          nan   2.0302e+01   1.7057e+01   2.0290e+01   1.8047e+01   1.6233e+01   1.5165e+01   2.2805e+01   2.7151e+01   2.5230e+01
          nan   9.1113e+00   1.3976e+01   3.2509e+01   2.7434e+01   2.6850e+01   2.4759e+01   2.3489e+01   2.1955e+01   2.0898e+01
          nan   9.6662e+00   1.4286e+01   1.2292e+01   1.2354e+01   2.0532e+01   2.2693e+01   2.3412e+01   2.2155e+01   2.1478e+01
          nan   4.7333e+01   3.1328e+01   3.2370e+01   3.0508e+01   4.4267e+01   4.1445e+01   3.9078e+01   3.9984e+01   3.7543e+01
          nan   4.1952e+01   1.4718e+02   1.1825e+02   1.0298e+02   9.3113e+01   8.5228e+01   7.6582e+01   7.4340e+01   9.3489e+01
          nan   3.9607e+01   6.0931e+01   6.8600e+01   6.0261e+01   5.4151e+01   5.2736e+01   5.0441e+01   1.0998e+02   1.0355e+02
          nan   3.9524e+01   2.9878e+01   4.6434e+01   5.4678e+01   5.9733e+01   5.4707e+01   5.8814e+01   5.5677e+01   5.2496e+01
          nan   4.4834e+01   3.7383e+01   6.4885e+01   6.1430e+01   6.6695e+01   6.3700e+01   5.9658e+01   5.7720e+01   5.4363e+01
          nan   6.4184e+01   7.4014e+01   1.3367e+02   1.1808e+02   1.1413e+02   1.0688e+02   1.0014e+02   9.6412e+01   9.0070e+01
          nan   3.0428e+01   6.9581e+01   6.1383e+01   5.3314e+01   4.8409e+01   4.9784e+01   4.9657e+01   4.7558e+01   4.8289e+01
          nan   3.8573e+01   4.0667e+01   7.2805e+01   7.4618e+01   8.6118e+01   8.7045e+01   8.4568e+01   8.6567e+01   1.0174e+02
          nan   6.4421e+01   1.1411e+02   1.0852e+02   1.3023e+02   1.3416e+02   1.3293e+02   1.3422e+02   1.2925e+02   1.2925e+02
          nan   8.0799e+01   8.9166e+01   1.0491e+02   1.0447e+02   1.2474e+02   1.3205e+02   1.2760e+02   1.2638e+02   1.2034e+02
          nan   6.9736e+01   1.5886e+02   1.5490e+02   1.4079e+02   1.3789e+02   1.3842e+02   1.3655e+02   1.3069e+02   1.3108e+02
          nan   8.6511e+01   9.6909e+01   1.2127e+02   1.2756e+02   1.2234e+02   1.1894e+02   1.1393e+02   1.1107e+02   1.1663e+02
          nan   8.5194e+01   8.8653e+01   1.0524e+02   1.0156e+02   1.0172e+02   1.1044e+02   1.0941e+02   1.0674e+02   1.0008e+02
          nan   8.8009e+01   8.9177e+01   1.1752e+02   1.1947e+02   1.1890e+02   1.1161e+02   1.0797e+02   1.0216e+02   9.9410e+01
          nan   8.2159e+01   7.0713e+01   6.8978e+01   7.5893e+01   8.7292e+01   8.2380e+01   8.8457e+01   9.6002e+01   9.6238e+01
          nan   3.9890e+01   8.7821e+01   8.3929e+01   7.5593e+01   6.9900e+01   6.6694e+01   6.6216e+01   6.8214e+01   6.4690e+01
          nan   3.3113e+01   4.4536e+01   4.2781e+01   4.0768e+01   5.7249e+01   5.4115e+01   5.3971e+01   5.4160e+01   5.5043e+01
          nan   6.6409e+01   7.2125e+01   6.2593e+01   6.8299e+01   6.3657e+01   6.0967e+01   6.5440e+01   6.3992e+01   6.1354e+01
          nan   6.9775e+01   5.7681e+01   6.0548e+01   5.6560e+01   5.4645e+01   5.3372e+01   5.2267e+01   5.0374e+01   5.3575e+01
          nan   2.8648e+01   3.4476e+01   3.6314e+01   4.0479e+01   4.3734e+01   4.3904e+01   4.5371e+01   4.6700e+01   5.0632e+01
          nan   3.5182e+01   3.7736e+01   3.7513e+01   4.2212e+01   4.0032e+01   4.0413e+01   4.1632e+01   4.3007e+01   4.3226e+01
          nan   3.0902e+01   3.5192e+01   3.6746e+01   3.8966e+01   4.3694e+01   4.1961e+01   4.3200e+01   4.3247e+01   4.4319e+01
          nan   2.7936e+01   4.0441e+01   4.0558e+01   3.8972e+01   4.0068e+01   3.8821e+01   3.8341e+01   3.8320e+01   3.7369e+01
          nan   3.3173e+01   2.8518e+01   3.5130e+01   3.2576e+01   3.2222e+01   3.5076e+01   3.8315e+01   3.9845e+01   3.8885e+01
          nan   3.5746e+01   3.0715e+01   2.9547e+01   2.9363e+01   2.8425e+01   2.8194e+01   2.8226e+01   2.7488e+01   2.7671e+01
          nan   2.7678e+01   2.3949e+01   2.4144e+01   2.4351e+01   2.6934e+01   2.8815e+01   2.7658e+01   2.6678e+01   2.6655e+01
          nan   2.3685e+01   2.8368e+01   3.1078e+01   3.0241e+01   2.8436e+01   2.9563e+01   3.0128e+01   2.8817e+01   2.7800e+01
          nan   2.4240e+01   2.1884e+01   2.6105e+01   2.5074e+01   2.4235e+01   2.2950e+01   2.3373e+01   2.4091e+01   2.6079e+01
          nan   1.9301e+01   2.5718e+01   2.5771e+01   2.5305e+01   2.3455e+01   2.3336e+01   2.3095e+01   2.2656e+01   2.2945e+01
          nan   2.7046e+01   2.2630e+01   2.4681e+01   2.3731e+01   2.3641e+01   2.4263e+01   2.3694e+01   2.4715e+01   2.4367e+01
          nan   2.7874e+01   2.5712e+01   2.3805e+01   2.3261e+01   2.3016e+01   2.3571e+01   2.2811e+01   2.2030e+01   2.1594e+01
          nan   2.8447e+01   2.4392e+01   2.3739e+01   2.2638e+01   2.1737e+01   2.0647e+01   2.1446e+01   2.0748e+01   2.0358e+01
          nan   2.1426e+01   2.0573e+01   2.0514e+01   2.0087e+01   1.9668e+01   1.9651e+01   1.9515e+01   1.9745e+01   1.9691e+01
          nan   1.9945e+01   1.6782e+01   1.5295e+01   1.6452e+01   1.5877e+01   1.7259e+01   1.7139e+01   1.6901e+01   1.6581e+01
          nan   1.2161e+01   1.3934e+01   1.4537e+01   1.6562e+01   1.6412e+01   1.6174e+01   1.5463e+01   1.5127e+01   1.6866e+01
          nan   1.7976e+01   1.6506e+01   1.5688e+01   1.5869e+01   1.5511e+01   1.5111e+01   1.7859e+01   1.7253e+01   1.7253e+01
          nan   1.5327e+01   1.4964e+01   1.7780e+01   1.6372e+01   1.6630e+01   1.6250e+01   1.5721e+01   1.5461e+01   1.5143e+01
          nan   1.2410e+01   1.4073e+01   1.3835e+01   1.3985e+01   1.4069e+01   1.3354e+01   1.3247e+01   1.3447e+01   1.3483e+01
          nan   1.0598e+01   1.3576e+01   1.6068e+01   1.5639e+01   1.4835e+01   1.4139e+01   1.3595e+01   1.3996e+01   1.3632e+01
          nan   1.3164e+01   1.7010e+01   1.6685e+01   1.6393e+01   1.5483e+01   1.5052e+01   1.4738e+01   1.4727e+01   1.4161e+01
          nan   1.4685e+01   1.1861e+01   1.1670e+01   1.1281e+01   1.1525e+01   1.2007e+01   1.2661e+01   1.2866e+01   1.2700e+01
          nan   1.3051e+01   1.3362e+01   1.2526e+01   1.2215e+01   1.2737e+01   1.3087e+01   1.3940e+01   1.3796e+01   1.3751e+01
          nan   1.1031e+01   1.1730e+01   1.2547e+01   1.2258e+01   1.1603e+01   1.1434e+01   1.1501e+01   1.1773e+01   1.2122e+01
          nan   1.0032e+01   1.0103e+01   1.0662e+01   1.0065e+01   1.0930e+01   1.1156e+01   1.0963e+01   1.1522e+01   1.1761e+01
          nan   1.2132e+01   1.0928e+01   1.0970e+01   1.0697e+01   1.0376e+01   1.0354e+01   1.0440e+01   1.0406e+01   1.0907e+01
          nan   9.8165e+00   1.0272e+01   1.1023e+01   1.1314e+01   1.1153e+01   1.1237e+01   1.1006e+01   1.0806e+01   1.1057e+01
          nan   1.3297e+01   1.1842e+01   1.1543e+01   1.1037e+01   1.0415e+01   9.9279e+00   1.0028e+01   1.0226e+01   1.0234e+01
          nan   8.4157e+00   1.0638e+01   1.0145e+01   9.5621e+00   9.8844e+00   1.0156e+01   1.0180e+01   1.0127e+01   9.9110e+00
          nan   9.3022e+00   8.4606e+00   9.2202e+00   8.8550e+00   8.6053e+00   8.8520e+00   8.9270e+00   8.8643e+00   8.8955e+00
          nan   1.0114e+01   9.0108e+00   9.3017e+00   8.9746e+00   8.8046e+00   8.6158e+00   8.4050e+00   8.8927e+00   8.7445e+00
          nan   9.7088e+00   9.6825e+00   9.9044e+00   9.3239e+00   8.7977e+00   8.8076e+00   9.2068e+00   8.8515e+00   8.8073e+00
          nan   6.8328e+00   6.9712e+00   7.0218e+00   7.5712e+00   7.3919e+00   7.5896e+00   7.7603e+00   7.9826e+00   8.2101e+00
          nan   8.3824e+00   8.1898e+00   8.8537e+00   8.4961e+00   8.5568e+00   8.5949e+00   8.4230e+00   8.5474e+00   8.5261e+00
          nan   7.3432e+00   6.6134e+00   6.9194e+00   7.0470e+00   7.1557e+00   7.2019e+00   7.5042e+00   7.3536e+00   7.1864e+00
          nan   9.0728e+00   8.7340e+00   8.0096e+00   7.8134e+00   7.7054e+00   7.6612e+00   7.4763e+00   7.3710e+00   7.3746e+00
          nan   8.3430e+00   7.2068e+00   7.2644e+00   7.5474e+00   7.3856e+00   7.4458e+00   7.3965e+00   7.2597e+00   7.2329e+00
          nan   7.9028e+00   8.1965e+00   7.6239e+00   7.5425e+00   7.4106e+00   7.3763e+00   7.3515e+00   7.5619e+00   7.6021e+00
          nan   7.3120e+00   6.6176e+00   6.8825e+00   6.9629e+00   7.0781e+00   7.0945e+00   7.0248e+00   6.9907e+00   7.0236e+00
          nan   7.2272e+00   6.3533e+00   6.5334e+00   6.5906e+00   6.2598e+00   6.3148e+00   6.3522e+00   6.2557e+00   6.3385e+00
          nan   5.9658e+00   5.6822e+00   5.4238e+00   5.9261e+00   5.9156e+00   6.1095e+00   6.1835e+00   6.1771e+00   6.1275e+00
          nan   6.4674e+00   6.8782e+00   7.0551e+00   6.9828e+00   6.9258e+00   6.7734e+00   6.7307e+00   6.5464e+00   6.3459e+00
          nan   6.4580e+00   5.8553e+00   5.5999e+00   5.3927e+00   5.7632e+00   5.6235e+00   5.7486e+00   6.0146e+00   6.0678e+00
          nan   6.3874e+00   5.6553e+00   6.3386e+00   6.2296e+00   6.0958e+00   6.1615e+00   6.3884e+00   6.2682e+00   6.1633e+00
          nan   4.8897e+00   4.9041e+00   5.1621e+00   5.2591e+00   5.4568e+00   5.4165e+00   5.8154e+00   5.8767e+00   5.8860e+00
          nan   5.1363e+00   5.4367e+00   5.2204e+00   5.1341e+00   5.2053e+00   5.3422e+00   5.4963e+00   5.4646e+00   5.3596e+00
          nan   5.8517e+00   6.0234e+00   5.8994e+00   5.8686e+00   5.9764e+00   5.9468e+00   5.8996e+00   5.8621e+00   5.8198e+00
          nan   4.5863e+00   5.1351e+00   4.7957e+00   4.9396e+00   4.9721e+00   5.0701e+00   5.0360e+00   5.1987e+00   5.4622e+00
          nan   5.0438e+00   5.8603e+00   5.5166e+00   5.1894e+00   5.0615e+00   5.1217e+00   5.2450e+00   5.2519e+00   5.2368e+00
          nan   5.5698e+00   5.0431e+00   4.9996e+00   5.2005e+00   5.2251e+00   5.2037e+00   5.0937e+00   5.0048e+00   5.0424e+00

      inf   0.1586   0.1189   0.1056   0.0989   0.0950   0.0923   0.0905   0.0891   0.0880
      inf   0.1604   0.1205   0.1072   0.1005   0.0965   0.0938   0.0919   0.0904   0.0893
      inf   0.1636   0.1227   0.1090   0.1022   0.0980   0.0953   0.0934   0.0919   0.0908
      inf   0.1660   0.1244   0.1105   0.1037   0.0995   0.0968   0.0948   0.0933   0.0922
      inf   0.1686   0.1265   0.1124   0.1055   0.1012   0.0984   0.0963   0.0948   0.0937
      inf   0.1717   0.1287   0.1142   0.1070   0.1028   0.0999   0.0979   0.0964   0.0952
      inf   0.1734   0.1303   0.1159   0.1087   0.1043   0.1014   0.0994   0.0978   0.0966
      inf   0.1769   0.1326   0.1179   0.1105   0.1060   0.1030   0.1010   0.0994   0.0982
      inf   0.1798   0.1347   0.1196   0.1122   0.1077   0.1047   0.1026   0.1010   0.0997
      inf   0.1821   0.1367   0.1215   0.1140   0.1094   0.1063   0.1041   0.1025   0.1013
      inf   0.1854   0.1390   0.1235   0.1157   0.1111   0.1081   0.1058   0.1042   0.1029
      inf   0.1880   0.1410   0.1254   0.1176   0.1129   0.1097   0.1075   0.1058   0.1045
      inf   0.1913   0.1434   0.1275   0.1196   0.1147   0.1115   0.1093   0.1076   0.1062
      inf   0.1942   0.1454   0.1293   0.1213   0.1165   0.1133   0.1110   0.1092   0.1078
      inf   0.1969   0.1479   0.1315   0.1233   0.1183   0.1150   0.1126   0.1109   0.1095
      inf   0.2002   0.1501   0.1334   0.1250   0.1200   0.1168   0.1144   0.1126   0.1112
      inf   0.2031   0.1524   0.1356   0.1271   0.1220   0.1186   0.1162   0.1144   0.1129
      inf   0.2066   0.1550   0.1379   0.1292   0.1240   0.1205   0.1181   0.1162   0.1148
      inf   0.2104   0.1575   0.1400   0.1311   0.1259   0.1224   0.1200   0.1181   0.1166
      inf   0.2130   0.1598   0.1421   0.1333   0.1280   0.1244   0.1218   0.1199   0.1184
      inf   0.2174   0.1628   0.1447   0.1355   0.1300   0.1264   0.1239   0.1220   0.1205
      inf   0.2200   0.1650   0.1467   0.1375   0.1320   0.1284   0.1257   0.1238   0.1222
      inf   0.2236   0.1677   0.1492   0.1399   0.1342   0.1304   0.1277   0.1258   0.1242
      inf   0.2276   0.1705   0.1515   0.1420   0.1363   0.1326   0.1300   0.1279   0.1263
      inf   0.2308   0.1732   0.1540   0.1446   0.1386   0.1348   0.1320   0.1299   0.1283
      inf   0.2358   0.1764   0.1567   0.1468   0.1409   0.1370   0.1343   0.1323   0.1306
      inf   0.2386   0.1788   0.1589   0.1492   0.1433   0.1393   0.1365   0.1343   0.1326
      inf   0.2430   0.1824   0.1620   0.1518   0.1455   0.1414   0.1385   0.1364   0.1348
      inf   0.2462   0.1844   0.1640   0.1537   0.1477   0.1437   0.1408   0.1385   0.1368
      inf   0.2490   0.1873   0.1668   0.1564   0.1500   0.1459   0.1428   0.1406   0.1389
      inf   0.2553   0.1912   0.1700   0.1592   0.1527   0.1486   0.1456   0.1434   0.1415
      inf   0.2580   0.1935   0.1720   0.1614   0.1551   0.1508   0.1478   0.1454   0.1436
      inf   0.2621   0.1973   0.1755   0.1646   0.1579   0.1535   0.1502   0.1479   0.1461
      inf   0.2670   0.2001   0.1777   0.1664   0.1599   0.1555   0.1524   0.1500   0.1482
      inf   0.2693   0.2026   0.1803   0.1694   0.1626   0.1582   0.1549   0.1523   0.1505
      inf   0.2764   0.2071   0.1841   0.1727   0.1658   0.1611   0.1579   0.1554   0.1535
      inf   0.2803   0.2103   0.1868   0.1753   0.1685   0.1637   0.1604   0.1578   0.1559
      inf   0.2845   0.2139   0.1904   0.1784   0.1711   0.1666   0.1630   0.1605   0.1586
      inf   0.2905   0.2176   0.1936   0.1813   0.1744   0.1696   0.1661   0.1635   0.1614
      inf   0.2938   0.2212   0.1966   0.1844   0.1771   0.1724   0.1687   0.1661   0.1641
      inf   0.3016   0.2257   0.2009   0.1878   0.1803   0.1752   0.1716   0.1691   0.1670
      inf   0.3053   0.2292   0.2034   0.1913   0.1839   0.1788   0.1753   0.1723   0.1703
      inf   0.3123   0.2339   0.2080   0.1952   0.1873   0.1819   0.1780   0.1755   0.1733
      inf   0.3171   0.2377   0.2115   0.1979   0.1901   0.1848   0.1811   0.1783   0.1761
      inf   0.3222   0.2419   0.2150   0.2017   0.1940   0.1889   0.1851   0.1821   0.1798
      inf   0.3295   0.2472   0.2199   0.2056   0.1973   0.1919   0.1879   0.1851   0.1829
      inf   0.3362   0.2523   0.2241   0.2101   0.2015   0.1958   0.1919   0.1890   0.1867
      inf   0.3424   0.2567   0.2283   0.2150   0.2065   0.2004   0.1964   0.1931   0.1908
      inf   0.3559   0.2639   0.2336   0.2184   0.2093   0.2034   0.1999   0.1971   0.1943
      inf   0.3510   0.2647   0.2372   0.2221   0.2134   0.2072   0.2025   0.1992   0.1968
      inf   0.3586   0.2702   0.2397   0.2244   0.2159   0.2106   0.2067   0.2032   0.2006
      inf   0.3706   0.2766   0.2462   0.2312   0.2225   0.2164   0.2122   0.2089   0.2060
      inf   0.3808   0.2879   0.2565   0.2397   0.2289   0.2218   0.2175   0.2146   0.2123
      inf   0.3939   0.2953   0.2628   0.2451   0.2343   0.2277   0.2222   0.2203   0.2174
      inf   0.3941   0.2947   0.2621   0.2462   0.2374   0.2305   0.2264   0.2223   0.2192
      inf   0.4063   0.3033   0.2692   0.2527   0.2431   0.2352   0.2299   0.2261   0.2231
      inf   0.4110   0.3090   0.2760   0.2578   0.2477   0.2406   0.2350   0.2311   0.2283
      inf   0.4153   0.3133   0.2771   0.2593   0.2484   0.2410   0.2363   0.2324   0.2297
      inf   0.4273   0.3202   0.2844   0.2672   0.2573   0.2511   0.2460   0.2421   0.2393
      inf   0.4398   0.3324   0.2944   0.2765   0.2653   0.2587   0.2542   0.2507   0.2477
      inf   0.4479   0.3343   0.2986   0.2812   0.2689   0.2621   0.2564   0.2520   0.2488
      inf   0.4599   0.3425   0.3033   0.2846   0.2729   0.2657   0.2609   0.2570   0.2537
      inf   0.4615   0.3486   0.3080   0.2903   0.2789   0.2713   0.2661   0.2616   0.2579
      inf   0.4734   0.3553   0.3152   0.2957   0.2840   0.2760   0.2704   0.2664   0.2632
      inf   0.4771   0.3571   0.3158   0.2967   0.2861   0.2786   0.2732   0.2693   0.2663
      inf   0.4847   0.3651   0.3248   0.3038   0.2911   0.2830   0.2773   0.2726   0.2692
      inf   0.4934   0.3681   0.3275   0.3071   0.2948   0.2870   0.2813   0.2769   0.2735
      inf   0.4991   0.3741   0.3327   0.3121   0.2989   0.2908   0.2850   0.2806   0.2768
      inf   0.5046   0.3776   0.3360   0.3144   0.3018   0.2936   0.2871   0.2826   0.2794
      inf   0.5073   0.3805   0.3383   0.3170   0.3044   0.2961   0.2902   0.2857   0.2821
      inf   0.5141   0.3856   0.3431   0.3215   0.3085   0.3000   0.2938   0.2891   0.2852
      inf   0.5190   0.3886   0.3452   0.3236   0.3108   0.3022   0.2960   0.2915   0.2878
      inf   0.5255   0.3937   0.3495   0.3278   0.3147   0.3061   0.2997   0.2951   0.2914
      inf   0.5284   0.3960   0.3528   0.3309   0.3175   0.3088   0.3024   0.2979   0.2943
      inf   0.5334   0.4003   0.3555   0.3337   0.3205   0.3117   0.3053   0.3005   0.2969
      inf   0.5390   0.4043   0.3595   0.3374   0.3238   0.3148   0.3082   0.3034   0.2998
      inf   0.5445   0.4080   0.3630   0.3404   0.3268   0.3176   0.3113   0.3066   0.3027
      inf   0.5478   0.4112   0.3652   0.3428   0.3292   0.3201   0.3135   0.3085   0.3048
      inf   0.5532   0.4151   0.3690   0.3462   0.3324   0.3235   0.3168   0.3119   0.3080
      inf   0.5578   0.4189   0.3724   0.3491   0.3352   0.3261   0.3194   0.3143   0.3104
      inf   0.5633   0.4222   0.3754   0.3519   0.3379   0.3285   0.3219   0.3169   0.3128
      inf   0.5676   0.4255   0.3786   0.3548   0.3406   0.3311   0.3245   0.3196   0.3155
      inf   0.5706   0.4284   0.3807   0.3574   0.3434   0.3337   0.3268   0.3217   0.3179
      inf   0.5775   0.4331   0.3850   0.3605   0.3462   0.3367   0.3298   0.3247   0.3208
      inf   0.5812   0.4361   0.3882   0.3638   0.3493   0.3396   0.3326   0.3273   0.3233
      inf   0.5857   0.4393   0.3905   0.3661   0.3515   0.3417   0.3349   0.3297   0.3256
      inf   0.5902   0.4424   0.3936   0.3690   0.3542   0.3444   0.3374   0.3321   0.3280
      inf   0.5934   0.4452   0.3958   0.3716   0.3568   0.3469   0.3398   0.3345   0.3304
      inf   0.5985   0.4492   0.3993   0.3742   0.3592   0.3493   0.3422   0.3369   0.3328
      inf   0.6026   0.4525   0.4021   0.3766   0.3616   0.3517   0.3446   0.3391   0.3349
      inf   0.6058   0.4544   0.4045   0.3794   0.3643   0.3544   0.3471   0.3416   0.3374
      inf   0.6103   0.4577   0.4074   0.3820   0.3667   0.3564   0.3492   0.3437   0.3395
      inf   0.6146   0.4610   0.4100   0.3843   0.3690   0.3588   0.3515   0.3460   0.3418
      inf   0.6177   0.4637   0.4121   0.3865   0.3713   0.3611   0.3537   0.3481   0.3438
      inf   0.6222   0.4668   0.4151   0.3894   0.3739   0.3637   0.3563   0.3507   0.3465
      inf   0.6262   0.4702   0.4182   0.3920   0.3763   0.3659   0.3585   0.3529   0.3485
      inf   0.6309   0.4731   0.4206   0.3942   0.3785   0.3680   0.3605   0.3549   0.3505
      inf   0.6337   0.4759   0.4231   0.3968   0.3812   0.3707   0.3630   0.3573   0.3529
      inf   0.6384   0.4791   0.4259   0.3993   0.3833   0.3728   0.3651   0.3594   0.3550
      inf   0.6434   0.4825   0.4289   0.4020   0.3859   0.3753   0.3676   0.3618   0.3574
      inf   0.6463   0.4848   0.4310   0.4041   0.3877   0.3770   0.3692   0.3634   0.3591
      inf   0.6501   0.4875   0.4334   0.4063   0.3902   0.3794   0.3717   0.3659   0.3613
      inf   0.6526   0.4900   0.4357   0.4085   0.3923   0.3813   0.3736   0.3677   0.3632
      inf   0.6572   0.4931   0.4383   0.4109   0.3945   0.3835   0.3756   0.3698   0.3653
      inf   0.6603   0.4955   0.4403   0.4129   0.3964   0.3854   0.3776   0.3717   0.3672
      inf   0.6645   0.4986   0.4434   0.4157   0.3991   0.3880   0.3800   0.3741   0.3695
      inf   0.6683   0.5012   0.4454   0.4175   0.4009   0.3898   0.3819   0.3760   0.3713
      inf   0.6708   0.5035   0.4477   0.4198   0.4031   0.3919   0.3839   0.3779   0.3732
      inf   0.6751   0.5065   0.4501   0.4219   0.4051   0.3938   0.3858   0.3797   0.3751
      inf   0.6789   0.5093   0.4526   0.4243   0.4074   0.3960   0.3879   0.3818   0.3771
      inf   0.6827   0.5121   0.4554   0.4268   0.4096   0.3982   0.3900   0.3839   0.3792
      inf   0.6856   0.5141   0.4568   0.4282   0.4112   0.3998   0.3917   0.3856   0.3808
      inf   0.6881   0.5167   0.4594   0.4308   0.4136   0.4021   0.3939   0.3877   0.3830
      inf   0.6929   0.5196   0.4618   0.4328   0.4155   0.4040   0.3957   0.3896   0.3848
      inf   0.6959   0.5219   0.4639   0.4350   0.4178   0.4061   0.3978   0.3917   0.3868
      inf   0.6995   0.5247   0.4664   0.4372   0.4197   0.4080   0.3997   0.3934   0.3886
      inf   0.7028   0.5270   0.4685   0.4392   0.4218   0.4101   0.4017   0.3954   0.3905
      inf   0.7052   0.5292   0.4704   0.4410   0.4235   0.4117   0.4033   0.3970   0.3921
      inf   0.7087   0.5318   0.4728   0.4432   0.4254   0.4136   0.4052   0.3989   0.3940
      inf   0.7123   0.5344   0.4750   0.4454   0.4276   0.4157   0.4072   0.4008   0.3959

