   2.0000
   2.0050
   2.0100
   2.0150
   2.0200
   2.0250
   2.0300
   2.0350
   2.0400
   2.0450
   2.0500
   2.0550
   2.0600
   2.0650
   2.0700
   2.0750
   2.0800
   2.0850
   2.0900
   2.0950
   2.1000
   2.1050
   2.1100
   2.1150
   2.1200
   2.1250
   2.1300
   2.1350
   2.1400
   2.1450
   2.1500
   2.1550
   2.1600
   2.1650
   2.1700
   2.1750
   2.1800
   2.1850
   2.1900
   2.1950
   2.2000
   2.2050
   2.2100
   2.2150
   2.2200
   2.2250
   2.2300
   2.2350
   2.2400
   2.2450
   2.2500
   2.2550
   2.2600
   2.2650
   2.2700
   2.2750
   2.2800
   2.2850
   2.2900
   2.2950
   2.3000
   2.3050
   2.3100
   2.3150
   2.3200
   2.3250
   2.3300
   2.3350
   2.3400
   2.3450
   2.3500
   2.3550
   2.3600
   2.3650
   2.3700
   2.3750
   2.3800
   2.3850
   2.3900
   2.3950
   2.4000
   2.4050
   2.4100
   2.4150
   2.4200
   2.4250
   2.4300
   2.4350
   2.4400
   2.4450
   2.4500
   2.4550
   2.4600
   2.4650
   2.4700
   2.4750
   2.4800
   2.4850
   2.4900
   2.4950
   2.5000
   2.5050
   2.5100
   2.5150
   2.5200
   2.5250
   2.5300
   2.5350
   2.5400
   2.5450
   2.5500
   2.5550
   2.5600
   2.5650
   2.5700
   2.5750
   2.5800
   2.5850
   2.5900
   2.5950

     -inf  -1.7461  -1.7457  -1.7455  -1.7455  -1.7456  -1.7455  -1.7456  -1.7456  -1.7457
     -inf  -1.7422  -1.7421  -1.7420  -1.7419  -1.7420  -1.7421  -1.7419  -1.7419  -1.7419
     -inf  -1.7383  -1.7383  -1.7383  -1.7382  -1.7381  -1.7382  -1.7382  -1.7382  -1.7382
     -inf  -1.7344  -1.7341  -1.7344  -1.7345  -1.7344  -1.7344  -1.7345  -1.7345  -1.7344
     -inf  -1.7304  -1.7304  -1.7305  -1.7308  -1.7306  -1.7306  -1.7307  -1.7308  -1.7307
     -inf  -1.7274  -1.7270  -1.7268  -1.7269  -1.7270  -1.7269  -1.7269  -1.7269  -1.7269
     -inf  -1.7229  -1.7232  -1.7230  -1.7229  -1.7229  -1.7229  -1.7228  -1.7229  -1.7230
     -inf  -1.7186  -1.7188  -1.7188  -1.7188  -1.7188  -1.7191  -1.7191  -1.7190  -1.7189
     -inf  -1.7146  -1.7149  -1.7153  -1.7152  -1.7150  -1.7150  -1.7151  -1.7150  -1.7150
     -inf  -1.7114  -1.7107  -1.7106  -1.7108  -1.7108  -1.7107  -1.7108  -1.7110  -1.7108
     -inf  -1.7070  -1.7069  -1.7067  -1.7067  -1.7069  -1.7067  -1.7067  -1.7067  -1.7068
     -inf  -1.7019  -1.7028  -1.7026  -1.7024  -1.7024  -1.7024  -1.7024  -1.7023  -1.7025
     -inf  -1.6973  -1.6975  -1.6977  -1.6978  -1.6979  -1.6982  -1.6981  -1.6980  -1.6980
     -inf  -1.6940  -1.6939  -1.6941  -1.6942  -1.6940  -1.6940  -1.6940  -1.6939  -1.6939
     -inf  -1.6909  -1.6902  -1.6901  -1.6898  -1.6898  -1.6896  -1.6897  -1.6898  -1.6898
     -inf  -1.6849  -1.6853  -1.6849  -1.6848  -1.6851  -1.6851  -1.6851  -1.6851  -1.6851
     -inf  -1.6802  -1.6812  -1.6810  -1.6807  -1.6807  -1.6807  -1.6806  -1.6805  -1.6807
     -inf  -1.6751  -1.6755  -1.6757  -1.6758  -1.6757  -1.6761  -1.6760  -1.6759  -1.6760
     -inf  -1.6704  -1.6709  -1.6714  -1.6716  -1.6714  -1.6714  -1.6713  -1.6712  -1.6712
     -inf  -1.6675  -1.6668  -1.6666  -1.6666  -1.6667  -1.6666  -1.6666  -1.6667  -1.6667
     -inf  -1.6614  -1.6616  -1.6617  -1.6618  -1.6620  -1.6619  -1.6619  -1.6618  -1.6619
     -inf  -1.6569  -1.6574  -1.6575  -1.6575  -1.6572  -1.6573  -1.6573  -1.6573  -1.6573
     -inf  -1.6533  -1.6526  -1.6526  -1.6525  -1.6527  -1.6525  -1.6526  -1.6526  -1.6526
     -inf  -1.6467  -1.6473  -1.6474  -1.6474  -1.6472  -1.6474  -1.6473  -1.6473  -1.6473
     -inf  -1.6427  -1.6424  -1.6420  -1.6421  -1.6421  -1.6422  -1.6422  -1.6423  -1.6424
     -inf  -1.6366  -1.6368  -1.6370  -1.6370  -1.6374  -1.6374  -1.6374  -1.6373  -1.6374
     -inf  -1.6318  -1.6321  -1.6323  -1.6320  -1.6318  -1.6320  -1.6319  -1.6320  -1.6319
     -inf  -1.6256  -1.6263  -1.6262  -1.6262  -1.6263  -1.6261  -1.6265  -1.6264  -1.6264
     -inf  -1.6200  -1.6202  -1.6200  -1.6205  -1.6208  -1.6209  -1.6209  -1.6209  -1.6209
     -inf  -1.6158  -1.6161  -1.6158  -1.6158  -1.6156  -1.6158  -1.6155  -1.6156  -1.6158
     -inf  -1.6100  -1.6106  -1.6101  -1.6100  -1.6101  -1.6101  -1.6100  -1.6100  -1.6102
     -inf  -1.6050  -1.6040  -1.6040  -1.6026  -1.6030  -1.6034  -1.6034  -1.6036  -1.6035
     -inf  -1.5976  -1.5989  -1.5985  -1.5986  -1.5986  -1.5985  -1.5987  -1.5985  -1.5988
     -inf  -1.5927  -1.5917  -1.5922  -1.5923  -1.5919  -1.5923  -1.5924  -1.5923  -1.5922
     -inf  -1.5867  -1.5876  -1.5869  -1.5871  -1.5866  -1.5865  -1.5865  -1.5867  -1.5869
     -inf  -1.5784  -1.5789  -1.5794  -1.5799  -1.5799  -1.5804  -1.5800  -1.5796  -1.5795
     -inf  -1.5747  -1.5731  -1.5744  -1.5741  -1.5740  -1.5734  -1.5736  -1.5737  -1.5736
     -inf  -1.5676  -1.5677  -1.5673  -1.5673  -1.5671  -1.5674  -1.5672  -1.5673  -1.5674
     -inf  -1.5624  -1.5614  -1.5617  -1.5614  -1.5617  -1.5619  -1.5618  -1.5618  -1.5617
     -inf  -1.5531  -1.5539  -1.5538  -1.5536  -1.5539  -1.5539  -1.5534  -1.5534  -1.5536
     -inf  -1.5460  -1.5459  -1.5455  -1.5453  -1.5452  -1.5457  -1.5457  -1.5455  -1.5455
     -inf  -1.5352  -1.5356  -1.5365  -1.5370  -1.5381  -1.5384  -1.5392  -1.5381  -1.5382
     -inf  -1.5302  -1.5316  -1.5317  -1.5322  -1.5315  -1.5317  -1.5313  -1.5313  -1.5315
     -inf  -1.5246  -1.5250  -1.5234  -1.5230  -1.5232  -1.5238  -1.5234  -1.5236  -1.5238
     -inf  -1.5187  -1.5168  -1.5161  -1.5168  -1.5166  -1.5167  -1.5168  -1.5169  -1.5168
     -inf  -1.5119  -1.5102  -1.5093  -1.5107  -1.5101  -1.5106  -1.5100  -1.5106  -1.5101
     -inf  -1.5003  -1.4998  -1.5013  -1.5008  -1.5012  -1.5002  -1.4998  -1.5001  -1.5000
     -inf  -1.4909  -1.4891  -1.4897  -1.4890  -1.4899  -1.4899  -1.4904  -1.4904  -1.4903
     -inf  -1.4812  -1.4815  -1.4825  -1.4832  -1.4824  -1.4818  -1.4804  -1.4809  -1.4807
     -inf  -1.4686  -1.4753  -1.4752  -1.4749  -1.4748  -1.4742  -1.4734  -1.4728  -1.4737
     -inf  -1.4664  -1.4667  -1.4646  -1.4647  -1.4647  -1.4641  -1.4636  -1.4641  -1.4643
     -inf  -1.4562  -1.4564  -1.4558  -1.4572  -1.4566  -1.4567  -1.4568  -1.4570  -1.4573
     -inf  -1.4507  -1.4510  -1.4478  -1.4456  -1.4455  -1.4462  -1.4466  -1.4473  -1.4476
     -inf  -1.4316  -1.4313  -1.4339  -1.4362  -1.4357  -1.4352  -1.4365  -1.4359  -1.4354
     -inf  -1.4253  -1.4287  -1.4283  -1.4262  -1.4242  -1.4252  -1.4249  -1.4252  -1.4257
     -inf  -1.4206  -1.4143  -1.4184  -1.4182  -1.4152  -1.4164  -1.4163  -1.4170  -1.4163
     -inf  -1.4045  -1.4041  -1.4024  -1.4048  -1.4067  -1.4065  -1.4066  -1.4059  -1.4058
     -inf  -1.3937  -1.3963  -1.3949  -1.3963  -1.3953  -1.3948  -1.3956  -1.3954  -1.3958
     -inf  -1.3849  -1.3860  -1.3851  -1.3836  -1.3847  -1.3859  -1.3844  -1.3844  -1.3845
     -inf  -1.3697  -1.3723  -1.3753  -1.3765  -1.3750  -1.3755  -1.3760  -1.3752  -1.3751
     -inf  -1.3788  -1.3745  -1.3714  -1.3710  -1.3698  -1.3700  -1.3706  -1.3716  -1.3714
     -inf  -1.3544  -1.3585  -1.3577  -1.3563  -1.3574  -1.3579  -1.3575  -1.3571  -1.3576
     -inf  -1.3469  -1.3477  -1.3456  -1.3460  -1.3468  -1.3474  -1.3462  -1.3467  -1.3461
     -inf  -1.3393  -1.3385  -1.3383  -1.3375  -1.3383  -1.3385  -1.3379  -1.3383  -1.3383
     -inf  -1.3366  -1.3349  -1.3329  -1.3308  -1.3305  -1.3310  -1.3315  -1.3322  -1.3324
     -inf  -1.3131  -1.3162  -1.3180  -1.3179  -1.3174  -1.3184  -1.3198  -1.3191  -1.3189
     -inf  -1.3118  -1.3105  -1.3110  -1.3110  -1.3107  -1.3106  -1.3112  -1.3109  -1.3105
     -inf  -1.3012  -1.3013  -1.2993  -1.3004  -1.3004  -1.2999  -1.3002  -1.3011  -1.3012
     -inf  -1.2944  -1.2927  -1.2918  -1.2923  -1.2936  -1.2944  -1.2945  -1.2943  -1.2938
     -inf  -1.2796  -1.2815  -1.2819  -1.2832  -1.2840  -1.2841  -1.2845  -1.2842  -1.2839
     -inf  -1.2846  -1.2790  -1.2796  -1.2793  -1.2784  -1.2784  -1.2782  -1.2782  -1.2777
     -inf  -1.2714  -1.2710  -1.2689  -1.2693  -1.2687  -1.2678  -1.2680  -1.2682  -1.2685
     -inf  -1.2650  -1.2662  -1.2644  -1.2628  -1.2630  -1.2621  -1.2616  -1.2619  -1.2617
     -inf  -1.2515  -1.2486  -1.2505  -1.2508  -1.2506  -1.2515  -1.2526  -1.2522  -1.2514
     -inf  -1.2502  -1.2490  -1.2482  -1.2473  -1.2469  -1.2476  -1.2478  -1.2477  -1.2476
     -inf  -1.2444  -1.2431  -1.2419  -1.2411  -1.2409  -1.2407  -1.2402  -1.2409  -1.2404
     -inf  -1.2385  -1.2357  -1.2325  -1.2330  -1.2327  -1.2323  -1.2325  -1.2331  -1.2331
     -inf  -1.2253  -1.2278  -1.2272  -1.2267  -1.2267  -1.2266  -1.2260  -1.2259  -1.2261
     -inf  -1.2188  -1.2210  -1.2207  -1.2200  -1.2196  -1.2202  -1.2198  -1.2198  -1.2198
     -inf  -1.2139  -1.2120  -1.2132  -1.2131  -1.2124  -1.2126  -1.2130  -1.2128  -1.2135
     -inf  -1.2090  -1.2069  -1.2067  -1.2060  -1.2063  -1.2063  -1.2064  -1.2068  -1.2072
     -inf  -1.2005  -1.2004  -1.2009  -1.2008  -1.2016  -1.2012  -1.2013  -1.2014  -1.2019
     -inf  -1.1935  -1.1960  -1.1956  -1.1959  -1.1960  -1.1956  -1.1955  -1.1952  -1.1953
     -inf  -1.1910  -1.1904  -1.1902  -1.1896  -1.1897  -1.1897  -1.1894  -1.1892  -1.1892
     -inf  -1.1829  -1.1846  -1.1846  -1.1848  -1.1848  -1.1849  -1.1847  -1.1849  -1.1849
     -inf  -1.1776  -1.1769  -1.1767  -1.1771  -1.1775  -1.1777  -1.1780  -1.1780  -1.1781
     -inf  -1.1747  -1.1736  -1.1727  -1.1728  -1.1730  -1.1734  -1.1735  -1.1730  -1.1732
     -inf  -1.1696  -1.1681  -1.1680  -1.1683  -1.1687  -1.1682  -1.1684  -1.1684  -1.1683
     -inf  -1.1634  -1.1628  -1.1626  -1.1631  -1.1635  -1.1639  -1.1640  -1.1638  -1.1639
     -inf  -1.1573  -1.1587  -1.1588  -1.1585  -1.1582  -1.1583  -1.1580  -1.1578  -1.1581
     -inf  -1.1534  -1.1533  -1.1532  -1.1532  -1.1530  -1.1528  -1.1529  -1.1528  -1.1526
     -inf  -1.1460  -1.1465  -1.1476  -1.1475  -1.1476  -1.1475  -1.1476  -1.1475  -1.1473
     -inf  -1.1433  -1.1434  -1.1430  -1.1439  -1.1440  -1.1441  -1.1439  -1.1438  -1.1438
     -inf  -1.1356  -1.1370  -1.1377  -1.1378  -1.1379  -1.1378  -1.1378  -1.1377  -1.1379
     -inf  -1.1333  -1.1331  -1.1334  -1.1334  -1.1333  -1.1331  -1.1331  -1.1331  -1.1329
     -inf  -1.1297  -1.1287  -1.1290  -1.1290  -1.1287  -1.1284  -1.1282  -1.1283  -1.1284
     -inf  -1.1245  -1.1244  -1.1238  -1.1238  -1.1237  -1.1237  -1.1235  -1.1238  -1.1238
     -inf  -1.1212  -1.1205  -1.1203  -1.1197  -1.1196  -1.1202  -1.1199  -1.1200  -1.1200
     -inf  -1.1135  -1.1143  -1.1143  -1.1145  -1.1147  -1.1147  -1.1148  -1.1148  -1.1148
     -inf  -1.1101  -1.1104  -1.1098  -1.1097  -1.1097  -1.1097  -1.1099  -1.1099  -1.1099
     -inf  -1.1051  -1.1059  -1.1058  -1.1060  -1.1060  -1.1059  -1.1057  -1.1057  -1.1056
     -inf  -1.1045  -1.1020  -1.1019  -1.1020  -1.1023  -1.1023  -1.1022  -1.1022  -1.1022
     -inf  -1.0987  -1.0992  -1.0986  -1.0980  -1.0980  -1.0978  -1.0980  -1.0981  -1.0979
     -inf  -1.0943  -1.0939  -1.0943  -1.0944  -1.0942  -1.0940  -1.0940  -1.0939  -1.0940
     -inf  -1.0890  -1.0896  -1.0893  -1.0894  -1.0894  -1.0894  -1.0895  -1.0892  -1.0892
     -inf  -1.0852  -1.0851  -1.0853  -1.0856  -1.0855  -1.0856  -1.0855  -1.0854  -1.0852
     -inf  -1.0807  -1.0801  -1.0806  -1.0807  -1.0808  -1.0808  -1.0809  -1.0812  -1.0811
     -inf  -1.0784  -1.0782  -1.0781  -1.0777  -1.0775  -1.0774  -1.0774  -1.0774  -1.0773
     -inf  -1.0736  -1.0738  -1.0738  -1.0735  -1.0737  -1.0736  -1.0735  -1.0736  -1.0737
     -inf  -1.0683  -1.0683  -1.0682  -1.0690  -1.0690  -1.0691  -1.0694  -1.0693  -1.0692
     -inf  -1.0650  -1.0649  -1.0644  -1.0648  -1.0645  -1.0646  -1.0646  -1.0648  -1.0649
     -inf  -1.0613  -1.0617  -1.0615  -1.0615  -1.0616  -1.0617  -1.0616  -1.0616  -1.0618
     -inf  -1.0589  -1.0578  -1.0583  -1.0580  -1.0581  -1.0580  -1.0578  -1.0576  -1.0577
     -inf  -1.0539  -1.0541  -1.0544  -1.0540  -1.0540  -1.0541  -1.0541  -1.0542  -1.0542
     -inf  -1.0497  -1.0495  -1.0500  -1.0500  -1.0499  -1.0498  -1.0498  -1.0498  -1.0500
     -inf  -1.0476  -1.0466  -1.0466  -1.0463  -1.0463  -1.0462  -1.0464  -1.0464  -1.0463
     -inf  -1.0416  -1.0419  -1.0419  -1.0422  -1.0424  -1.0425  -1.0425  -1.0426  -1.0427
     -inf  -1.0390  -1.0390  -1.0393  -1.0392  -1.0390  -1.0390  -1.0389  -1.0389  -1.0389
     -inf  -1.0368  -1.0366  -1.0365  -1.0363  -1.0359  -1.0358  -1.0360  -1.0360  -1.0359
     -inf  -1.0321  -1.0321  -1.0323  -1.0325  -1.0322  -1.0321  -1.0321  -1.0321  -1.0322

          inf   9.1177e-01   9.1140e-01   9.1130e-01   9.1132e-01   9.1132e-01   9.1123e-01   9.1127e-01   9.1131e-01   9.1134e-01
          inf   9.0989e-01   9.0975e-01   9.0964e-01   9.0956e-01   9.0962e-01   9.0970e-01   9.0959e-01   9.0962e-01   9.0962e-01
          inf   9.0775e-01   9.0799e-01   9.0798e-01   9.0793e-01   9.0783e-01   9.0794e-01   9.0794e-01   9.0789e-01   9.0792e-01
          inf   9.0599e-01   9.0578e-01   9.0614e-01   9.0613e-01   9.0615e-01   9.0614e-01   9.0626e-01   9.0616e-01   9.0614e-01
          inf   9.0416e-01   9.0403e-01   9.0426e-01   9.0450e-01   9.0436e-01   9.0439e-01   9.0448e-01   9.0452e-01   9.0446e-01
          inf   9.0313e-01   9.0273e-01   9.0264e-01   9.0264e-01   9.0275e-01   9.0263e-01   9.0261e-01   9.0267e-01   9.0266e-01
          inf   9.0067e-01   9.0101e-01   9.0068e-01   9.0055e-01   9.0056e-01   9.0058e-01   9.0057e-01   9.0061e-01   9.0070e-01
          inf   8.9844e-01   8.9855e-01   8.9864e-01   8.9867e-01   8.9874e-01   8.9894e-01   8.9896e-01   8.9885e-01   8.9881e-01
          inf   8.9631e-01   8.9677e-01   8.9715e-01   8.9705e-01   8.9680e-01   8.9684e-01   8.9694e-01   8.9687e-01   8.9693e-01
          inf   8.9535e-01   8.9441e-01   8.9440e-01   8.9464e-01   8.9467e-01   8.9465e-01   8.9480e-01   8.9494e-01   8.9473e-01
          inf   8.9318e-01   8.9321e-01   8.9288e-01   8.9291e-01   8.9305e-01   8.9284e-01   8.9273e-01   8.9278e-01   8.9283e-01
          inf   8.8990e-01   8.9084e-01   8.9053e-01   8.9031e-01   8.9036e-01   8.9044e-01   8.9050e-01   8.9041e-01   8.9058e-01
          inf   8.8724e-01   8.8741e-01   8.8770e-01   8.8790e-01   8.8804e-01   8.8838e-01   8.8834e-01   8.8819e-01   8.8816e-01
          inf   8.8647e-01   8.8637e-01   8.8653e-01   8.8661e-01   8.8632e-01   8.8622e-01   8.8626e-01   8.8627e-01   8.8623e-01
          inf   8.8500e-01   8.8444e-01   8.8433e-01   8.8413e-01   8.8418e-01   8.8402e-01   8.8409e-01   8.8421e-01   8.8419e-01
          inf   8.8119e-01   8.8184e-01   8.8153e-01   8.8139e-01   8.8168e-01   8.8157e-01   8.8154e-01   8.8148e-01   8.8153e-01
          inf   8.7933e-01   8.7987e-01   8.7936e-01   8.7913e-01   8.7917e-01   8.7929e-01   8.7899e-01   8.7900e-01   8.7919e-01
          inf   8.7491e-01   8.7564e-01   8.7598e-01   8.7615e-01   8.7623e-01   8.7663e-01   8.7647e-01   8.7628e-01   8.7639e-01
          inf   8.7298e-01   8.7365e-01   8.7431e-01   8.7432e-01   8.7376e-01   8.7381e-01   8.7379e-01   8.7374e-01   8.7375e-01
          inf   8.7229e-01   8.7104e-01   8.7093e-01   8.7102e-01   8.7123e-01   8.7115e-01   8.7123e-01   8.7139e-01   8.7128e-01
          inf   8.6784e-01   8.6839e-01   8.6861e-01   8.6883e-01   8.6897e-01   8.6862e-01   8.6854e-01   8.6842e-01   8.6850e-01
          inf   8.6651e-01   8.6661e-01   8.6642e-01   8.6630e-01   8.6607e-01   8.6608e-01   8.6618e-01   8.6625e-01   8.6627e-01
          inf   8.6413e-01   8.6362e-01   8.6357e-01   8.6358e-01   8.6388e-01   8.6372e-01   8.6361e-01   8.6363e-01   8.6365e-01
          inf   8.5970e-01   8.6052e-01   8.6079e-01   8.6031e-01   8.5995e-01   8.6023e-01   8.6022e-01   8.6019e-01   8.6030e-01
          inf   8.5770e-01   8.5713e-01   8.5655e-01   8.5691e-01   8.5675e-01   8.5703e-01   8.5715e-01   8.5727e-01   8.5727e-01
          inf   8.5420e-01   8.5403e-01   8.5423e-01   8.5449e-01   8.5486e-01   8.5479e-01   8.5467e-01   8.5456e-01   8.5471e-01
          inf   8.5153e-01   8.5156e-01   8.5176e-01   8.5114e-01   8.5080e-01   8.5103e-01   8.5087e-01   8.5098e-01   8.5102e-01
          inf   8.4554e-01   8.4686e-01   8.4672e-01   8.4674e-01   8.4686e-01   8.4673e-01   8.4727e-01   8.4705e-01   8.4718e-01
          inf   8.4102e-01   8.4164e-01   8.4187e-01   8.4261e-01   8.4308e-01   8.4336e-01   8.4345e-01   8.4325e-01   8.4332e-01
          inf   8.4044e-01   8.4074e-01   8.3994e-01   8.4043e-01   8.3971e-01   8.4009e-01   8.3981e-01   8.3987e-01   8.4017e-01
          inf   8.3745e-01   8.3769e-01   8.3653e-01   8.3656e-01   8.3670e-01   8.3678e-01   8.3650e-01   8.3665e-01   8.3682e-01
          inf   8.3306e-01   8.3179e-01   8.3193e-01   8.2680e-01   8.2801e-01   8.2910e-01   8.2938e-01   8.2992e-01   8.2984e-01
          inf   8.2753e-01   8.2968e-01   8.2925e-01   8.2916e-01   8.2900e-01   8.2884e-01   8.2901e-01   8.2878e-01   8.2917e-01
          inf   8.2407e-01   8.2242e-01   8.2354e-01   8.2396e-01   7.9988e-01   5.2883e-01   3.3541e-01   1.9058e-01   7.8183e-02
          inf   8.2130e-01   8.2247e-01   8.2069e-01   8.2104e-01   8.1975e-01   8.1971e-01   8.1985e-01   8.2017e-01   8.2054e-01
          inf   8.1083e-01   8.1178e-01   8.1312e-01   8.1407e-01   8.1414e-01   8.1501e-01   8.1413e-01   8.1322e-01   8.1311e-01
          inf   8.1115e-01   8.0841e-01   8.1044e-01   8.1015e-01   8.0996e-01   8.0910e-01   8.0959e-01   8.0963e-01   8.0932e-01
          inf   8.0517e-01   8.0498e-01   8.0485e-01   8.0448e-01   8.0419e-01   8.0445e-01   8.0428e-01   8.0446e-01   8.0448e-01
          inf   8.0230e-01   8.0095e-01   8.0084e-01   8.0053e-01   8.0117e-01   8.0127e-01   8.0126e-01   8.0122e-01   8.0106e-01
          inf   7.9057e-01   7.9188e-01   7.9169e-01   7.9169e-01   7.9245e-01   7.9243e-01   7.9139e-01   7.9119e-01   7.9178e-01
          inf   7.8338e-01   7.8386e-01   7.8324e-01   5.3502e-01   2.7157e-01   2.7189e-01   3.4530e-01   3.9944e-01   4.4223e-01
          inf   7.6804e-01   5.3144e-01   9.5217e-02  -1.2244e-01  -2.5501e-01  -8.6057e-02   3.8962e-02   1.2808e-01   1.7384e-01
         -inf  -7.6512e-01  -7.6931e-01  -7.7065e-01  -7.7166e-01  -7.7025e-01  -7.7089e-01  -6.2645e-01  -4.5239e-01  -3.1621e-01
          inf   7.6526e-01   3.9460e-01   3.6940e-01   4.6663e-01   2.2571e-01   5.9934e-02  -5.5361e-02  -1.4395e-01  -1.5751e-01
          inf   7.6155e-01   7.5282e-01   7.5100e-01   7.5309e-01   7.5155e-01   6.4463e-01   4.4458e-01   2.9420e-01   1.7847e-01
          inf   7.5301e-01   4.9292e-01   7.9993e-02  -1.3030e-01  -5.0033e-02   8.4664e-02   1.7836e-01   2.5106e-01   2.7477e-01
         -inf  -7.3847e-01  -5.5807e-01  -1.2262e-01   8.8757e-02  -6.6539e-02  -1.0249e-01  -5.2945e-02  -1.3909e-01  -1.9147e-01
          inf   4.6630e-01   6.8785e-02   9.7663e-02  -7.4396e-02   2.2144e-02  -5.2497e-02  -1.1654e-01  -1.6013e-01  -1.0815e-01
         -inf  -1.9032e-01  -1.5121e-01   1.3952e-01   6.1197e-02   1.8382e-01   1.9203e-01   8.7549e-02   1.2815e-01   1.2727e-01
         -inf  -5.9581e-01  -6.6090e-01  -4.9446e-01  -4.9128e-01  -4.6907e-01  -3.6133e-01  -3.2145e-01  -3.5570e-01  -3.9676e-01
         -inf   2.6326e-02  -3.3762e-01  -3.3964e-02   2.9211e-02  -1.0829e-01  -1.9167e-01  -2.0587e-01  -1.7609e-01  -9.7108e-02
         -inf  -2.0725e-01   2.3380e-01   4.6974e-02   3.6864e-02  -4.8400e-02  -5.2097e-02   3.7472e-02  -1.8913e-02   5.8935e-02
          inf  -7.9360e-03   2.0632e-01   7.7489e-02   2.0793e-02   1.4457e-01   1.3001e-01   1.1431e-01   7.3547e-02   4.3153e-02
         -inf   2.5287e-01  -2.9057e-02  -1.0530e-01  -1.0435e-01  -7.5423e-02  -8.1404e-02  -8.8160e-02  -7.1591e-02  -7.5814e-02
          inf   2.8051e-01   2.2127e-01   2.5187e-01   3.1938e-01   2.5400e-01   2.3916e-01   2.0003e-01   1.5400e-01   9.8755e-02
          inf   5.4773e-02   2.1613e-01   2.6103e-01   9.5645e-02   5.5578e-02   5.0232e-02   6.7567e-02   5.8422e-02   8.1621e-03
         -inf   8.1301e-02   1.2053e-01   2.1179e-02  -8.8580e-02  -7.7532e-02  -8.6124e-02  -1.2032e-01  -1.1015e-01  -6.9633e-02
          inf   5.4499e-01   3.9760e-01   3.0464e-01   2.7063e-01   2.2573e-01   1.4932e-01   1.2789e-01   4.4309e-02   6.5409e-03
          inf   1.9635e-01   9.5631e-02   5.8386e-02   1.6003e-02   3.1445e-02   3.3427e-02   4.2996e-02   7.2727e-02   5.7465e-02
          inf  -1.1438e-01  -4.9832e-02  -6.9096e-03  -1.9554e-03   3.7292e-02   4.5280e-02  -1.0187e-02  -9.7284e-04  -1.0177e-02
          inf   5.2813e-02   5.0411e-02  -7.6468e-02  -2.6820e-02  -2.7342e-02   8.6352e-03   4.3239e-02   3.1961e-02   4.2062e-02
          inf  -2.3383e-02  -9.6405e-03   8.3863e-03   2.3193e-02   9.2831e-02   9.2860e-02   1.0429e-01   8.1006e-02   7.2713e-02
          inf   8.0754e-02  -6.1762e-02   6.9424e-04   2.0321e-02  -1.1716e-02  -5.7556e-02  -7.9832e-02  -8.2484e-02  -5.6715e-02
         -inf  -1.6204e-01   4.4124e-02   4.9133e-02   3.4680e-02  -3.8656e-03  -1.4329e-02  -1.8840e-02   1.4504e-02  -1.5788e-02
          inf   3.0386e-01   1.9179e-01   1.0098e-01   1.2016e-01   8.8497e-02   7.9715e-02   3.8340e-02  -8.9182e-03  -1.5605e-02
          inf  -1.0954e-02  -1.1654e-01  -2.2021e-02   7.1801e-03   1.3000e-02   1.5675e-02   2.6388e-02   1.8881e-02  -8.5115e-03
          inf   1.1264e-01   1.6618e-01   1.1864e-01   9.0152e-02   8.8383e-02   1.0004e-01   8.8595e-02   6.3389e-02   3.5403e-02
         -inf  -1.3935e-01  -2.5403e-02  -8.9068e-03  -1.0424e-02   2.3033e-03  -6.6017e-03  -1.0818e-02  -3.2057e-02  -2.3812e-02
         -inf  -1.0343e-01   1.0524e-02   3.3786e-02   1.3815e-02   1.0197e-02   3.5342e-02   3.2810e-02   1.5230e-02   2.6917e-02
         -inf  -3.2521e-02  -2.9817e-02  -1.0593e-02   8.2879e-03   1.4695e-02   2.8673e-02   2.9339e-02   1.9882e-02   9.0653e-03
         -inf   3.3964e-02  -3.5104e-03   2.2275e-03   6.7953e-03  -8.4408e-03  -1.3661e-02  -9.8244e-04   2.4585e-03  -1.3794e-03
          inf   1.2511e-02  -2.3596e-02  -6.4027e-03  -4.2504e-02  -5.0312e-02  -4.8218e-02  -3.0675e-02  -2.3655e-02  -1.5818e-02
         -inf  -2.7595e-02  -1.9845e-02  -7.7329e-03  -1.0097e-03   9.7581e-04  -7.3236e-03  -7.0105e-03  -7.1768e-03  -1.7064e-03
          inf   1.3743e-02   6.7925e-03  -1.0364e-03  -1.7012e-02  -2.6945e-02  -1.2808e-02  -5.1169e-03  -9.7196e-04  -2.4757e-03
         -inf   7.9267e-02   4.7629e-02   2.6902e-02   2.7860e-02   2.0595e-02   1.5629e-02   1.6156e-04   6.1149e-03   3.7581e-03
          inf   7.6933e-02   7.2528e-02   4.4968e-02   3.5745e-02   1.7650e-02   1.2599e-02   8.3856e-03   5.6845e-04   5.9059e-03
          inf  -2.2105e-02  -1.4838e-02  -2.4187e-02  -1.9860e-02  -1.2997e-02  -5.8224e-03  -5.6881e-03  -1.4604e-02  -1.9887e-02
          inf   6.9782e-03  -1.4586e-03   1.6111e-02   1.4040e-02   1.1860e-02   1.6864e-02   1.3275e-02   1.0548e-02   8.1096e-03
          inf   6.4644e-02   3.3953e-02   9.5977e-03   1.8424e-02   9.4171e-03   9.5288e-03   7.3132e-03   1.6011e-03   3.5759e-03
          inf  -3.8383e-02  -1.0897e-02  -1.4183e-02  -2.6620e-02  -2.2354e-02  -1.3041e-02  -1.2492e-02  -6.0964e-03  -5.3576e-03
          inf  -2.5607e-02  -1.3831e-03  -5.3081e-03  -3.9307e-03  -5.5938e-04   2.3634e-03   9.4853e-04   4.3245e-03   3.1921e-03
         -inf  -1.2306e-02  -2.9745e-02  -1.3668e-02  -2.0866e-02  -1.6660e-02  -1.3163e-02  -1.1894e-02  -1.7558e-02  -1.8636e-02
          inf  -7.0863e-03   1.0953e-02   4.1482e-03   2.4948e-03  -2.6063e-03  -4.1537e-03   1.1237e-03  -5.0644e-03  -6.4636e-03
          inf   2.3296e-02   1.5961e-02   6.2304e-03   4.4264e-03   2.4015e-03  -9.9506e-03  -4.9509e-03  -5.1627e-03  -5.1483e-03
          inf   1.4550e-03  -1.0715e-02  -8.1049e-03   1.2017e-02  -3.4009e-04  -4.6582e-03  -6.0322e-03  -2.8265e-03  -6.3816e-03
         -inf  -6.8279e-03   9.6001e-04   6.6739e-03  -1.1051e-02  -6.8056e-03  -5.8387e-03  -7.1693e-03  -4.9834e-03  -6.0166e-03
         -inf   2.9658e-02   2.8522e-02   2.6383e-02   1.7711e-02   1.7006e-02   9.9470e-03   5.3897e-03   5.3553e-03   8.7959e-04
         -inf   6.4973e-02   3.8891e-02   2.3113e-02   1.8803e-02   1.8670e-02   1.1885e-02   1.3336e-02   1.1951e-02   1.0742e-02
          inf   1.9285e-02   2.1638e-02   1.8537e-02   1.6349e-02   4.7960e-03   1.0022e-02   1.3789e-02   1.4281e-02   1.1996e-02
         -inf   1.2812e-02   1.3106e-05  -2.1150e-04   6.7867e-03   9.2552e-03   1.2471e-02   1.3832e-02   1.4450e-02   1.3969e-02
          inf  -3.3213e-03  -6.0296e-03  -8.8684e-03  -7.8222e-03  -2.8573e-03   1.2690e-03  -1.3985e-03  -1.8143e-03  -3.2853e-03
         -inf   4.4456e-02   3.6391e-02   2.3833e-02   1.7312e-02   1.2331e-02   1.6780e-02   1.2707e-02   1.2948e-02   1.6627e-02
          inf   4.7652e-03   2.2737e-02   9.9662e-03   6.4676e-03   6.5236e-03   1.0533e-02   1.0366e-02   8.0536e-03   4.9722e-03
         -inf  -7.9409e-03  -2.8651e-03  -9.9299e-03   6.6396e-04  -2.1936e-03  -2.9981e-03  -4.0400e-04  -5.0749e-04  -1.1982e-03
         -inf   5.0166e-03   8.9569e-03  -2.6389e-03  -2.4136e-03  -2.8781e-03  -3.1573e-03  -2.1626e-03   1.7700e-03   2.1720e-03
         -inf  -1.4897e-03   6.4910e-03  -2.3231e-03  -1.0011e-02  -4.4930e-03  -5.3781e-03  -7.5077e-03  -5.1090e-03  -2.5833e-03
          inf  -3.5261e-05   4.1218e-03   1.2270e-05  -6.1286e-03  -5.2376e-03  -2.4876e-03  -7.5419e-04  -2.5078e-04   5.3795e-04
          inf   3.0418e-02   9.0653e-03  -3.3318e-03  -1.0895e-02  -8.9513e-03  -5.8331e-03  -6.4740e-03  -5.6490e-03  -4.6390e-03
          inf  -2.0858e-02  -1.9601e-02  -2.0886e-02  -1.8173e-02  -1.9213e-02  -2.0279e-02  -2.1158e-02  -1.8992e-02  -1.8602e-02
          inf   8.1457e-03   5.6630e-03   1.0078e-02   1.1070e-02   8.8472e-03   7.5368e-03   8.0295e-03   1.0334e-02   7.3426e-03
         -inf   6.2288e-03  -4.2473e-03  -8.9022e-03  -4.5706e-03  -4.5084e-03  -6.0742e-03  -7.6067e-03  -7.2904e-03  -6.3782e-03
         -inf  -2.6609e-03  -5.8559e-03  -6.1937e-03  -3.7362e-03  -1.4925e-04   1.2584e-04  -1.6542e-03  -2.7961e-03  -2.6912e-03
         -inf  -7.0224e-03  -1.4081e-02  -1.2667e-02  -8.6854e-03  -2.5798e-03   8.9526e-04   6.3579e-04  -1.3674e-03  -7.6991e-04
          inf  -8.0204e-03   7.2780e-03  -6.7992e-03  -5.2307e-03  -6.5495e-03  -5.0188e-03  -3.3525e-03  -1.8185e-03  -5.5603e-04
          inf   5.1638e-03   6.2274e-03   7.6504e-03   2.8525e-03  -8.4034e-04  -1.6057e-03  -2.1588e-03  -2.0460e-03  -2.4410e-03
         -inf   9.3638e-03   7.8847e-04   5.6261e-03   4.7057e-03   4.3446e-03   3.0884e-03   4.1633e-03   2.8504e-03   3.7551e-03
         -inf   6.8042e-04   6.4134e-06   2.7973e-04   3.6195e-05   1.2947e-03   1.7230e-03   2.7257e-03   2.4981e-03   3.6685e-03
         -inf  -9.3856e-03  -6.7152e-04   7.7421e-04  -1.1525e-03   8.3758e-04   4.0034e-03   1.5196e-03   7.0705e-04  -1.0805e-03
         -inf  -6.6706e-03  -9.4128e-03  -8.2620e-03  -7.7019e-03  -7.1944e-03  -5.9195e-03  -4.7321e-03  -4.2224e-03  -2.9618e-03
          inf  -2.9268e-03  -2.0875e-03   3.4684e-04  -1.5750e-03  -1.5707e-03   6.0565e-04   1.4667e-04  -2.0009e-03  -7.8575e-04
          nan  -9.4615e-03  -8.0285e-03  -1.1843e-02  -1.2773e-02  -8.7273e-03  -7.6124e-03  -7.2143e-03  -6.2822e-03  -5.2661e-03
         -inf  -4.4652e-03  -3.0857e-03  -1.6537e-03  -2.4119e-03  -1.8645e-03  -1.2935e-03  -2.0857e-03  -3.2019e-03  -1.0279e-03
          inf  -1.5974e-03  -1.5447e-03  -3.5321e-05  -2.3207e-03  -9.7120e-04  -4.0433e-04  -6.1840e-04   2.2889e-05  -8.6801e-04
         -inf   3.1528e-03   5.6361e-03   9.5718e-03   7.8620e-03   8.5465e-03   6.3941e-03   6.7523e-03   5.4063e-03   5.5043e-03
         -inf   5.0770e-03   5.9426e-03   1.2964e-03   1.4307e-03   7.7680e-04   1.1772e-03   4.0536e-04  -5.8478e-04  -8.8270e-04
          inf  -7.4140e-03  -5.6621e-03  -3.1022e-03  -2.8676e-03  -1.2382e-03   1.8571e-05   6.0229e-04   5.7246e-04   1.8130e-03
          inf   1.3005e-02   8.7340e-03   2.3252e-03   2.1950e-04   1.8632e-03   1.8174e-03   6.5448e-04  -1.3417e-03  -8.8340e-04
         -inf  -5.5166e-04   6.9421e-03   5.1347e-03   4.4103e-03   3.9288e-03   2.1566e-03   2.3428e-03   3.3790e-03   4.3580e-03
         -inf  -6.0261e-03  -8.3011e-04   1.4486e-03   2.1757e-03   5.1613e-04  -4.4817e-04  -4.9991e-04  -2.2726e-04  -1.1775e-03
          inf   2.8227e-03   3.9693e-03   3.9686e-03   2.5651e-03   2.2708e-03   2.3797e-03   1.3982e-03   2.1834e-03   2.5587e-03

      inf   0.9118   0.9114   0.9113   0.9113   0.9113   0.9112   0.9113   0.9113   0.9113
      inf   0.9099   0.9098   0.9096   0.9096   0.9096   0.9097   0.9096   0.9096   0.9096
      inf   0.9077   0.9080   0.9080   0.9079   0.9078   0.9079   0.9079   0.9079   0.9079
      inf   0.9060   0.9058   0.9061   0.9061   0.9062   0.9061   0.9063   0.9062   0.9061
      inf   0.9042   0.9040   0.9043   0.9045   0.9044   0.9044   0.9045   0.9045   0.9045
      inf   0.9031   0.9027   0.9026   0.9026   0.9028   0.9026   0.9026   0.9027   0.9027
      inf   0.9007   0.9010   0.9007   0.9006   0.9006   0.9006   0.9006   0.9006   0.9007
      inf   0.8984   0.8985   0.8986   0.8987   0.8987   0.8989   0.8990   0.8988   0.8988
      inf   0.8963   0.8968   0.8972   0.8970   0.8968   0.8968   0.8969   0.8969   0.8969
      inf   0.8953   0.8944   0.8944   0.8946   0.8947   0.8947   0.8948   0.8949   0.8947
      inf   0.8932   0.8932   0.8929   0.8929   0.8931   0.8928   0.8927   0.8928   0.8928
      inf   0.8899   0.8908   0.8905   0.8903   0.8904   0.8904   0.8905   0.8904   0.8906
      inf   0.8872   0.8874   0.8877   0.8879   0.8880   0.8884   0.8883   0.8882   0.8882
      inf   0.8865   0.8864   0.8865   0.8866   0.8863   0.8862   0.8863   0.8863   0.8862
      inf   0.8850   0.8844   0.8843   0.8841   0.8842   0.8840   0.8841   0.8842   0.8842
      inf   0.8812   0.8818   0.8815   0.8814   0.8817   0.8816   0.8815   0.8815   0.8815
      inf   0.8793   0.8799   0.8794   0.8791   0.8792   0.8793   0.8790   0.8790   0.8792
      inf   0.8749   0.8756   0.8760   0.8762   0.8762   0.8766   0.8765   0.8763   0.8764
      inf   0.8730   0.8736   0.8743   0.8743   0.8738   0.8738   0.8738   0.8737   0.8737
      inf   0.8723   0.8710   0.8709   0.8710   0.8712   0.8711   0.8712   0.8714   0.8713
      inf   0.8678   0.8684   0.8686   0.8688   0.8690   0.8686   0.8685   0.8684   0.8685
      inf   0.8665   0.8666   0.8664   0.8663   0.8661   0.8661   0.8662   0.8663   0.8663
      inf   0.8641   0.8636   0.8636   0.8636   0.8639   0.8637   0.8636   0.8636   0.8636
      inf   0.8597   0.8605   0.8608   0.8603   0.8600   0.8602   0.8602   0.8602   0.8603
      inf   0.8577   0.8571   0.8565   0.8569   0.8568   0.8570   0.8572   0.8573   0.8573
      inf   0.8542   0.8540   0.8542   0.8545   0.8549   0.8548   0.8547   0.8546   0.8547
      inf   0.8515   0.8516   0.8518   0.8511   0.8508   0.8510   0.8509   0.8510   0.8510
      inf   0.8455   0.8469   0.8467   0.8467   0.8469   0.8467   0.8473   0.8471   0.8472
      inf   0.8410   0.8416   0.8419   0.8426   0.8431   0.8434   0.8435   0.8433   0.8433
      inf   0.8404   0.8407   0.8399   0.8404   0.8397   0.8401   0.8398   0.8399   0.8402
      inf   0.8374   0.8377   0.8365   0.8366   0.8367   0.8368   0.8365   0.8367   0.8368
      inf   0.8331   0.8318   0.8319   0.8270   0.8281   0.8292   0.8295   0.8300   0.8299
      inf   0.8275   0.8297   0.8292   0.8292   0.8290   0.8288   0.8290   0.8288   0.8292
      inf   0.8241   0.8224   0.8235   0.8240   0.8226   0.8232   0.8235   0.8234   0.8232
      inf   0.8213   0.8225   0.8207   0.8210   0.8198   0.8197   0.8198   0.8202   0.8205
      inf   0.8108   0.8118   0.8131   0.8141   0.8141   0.8150   0.8141   0.8132   0.8131
      inf   0.8111   0.8084   0.8104   0.8101   0.8100   0.8091   0.8096   0.8096   0.8093
      inf   0.8052   0.8050   0.8048   0.8045   0.8042   0.8044   0.8043   0.8045   0.8045
      inf   0.8023   0.8009   0.8008   0.8005   0.8012   0.8013   0.8013   0.8012   0.8011
      inf   0.7906   0.7919   0.7917   0.7917   0.7925   0.7924   0.7914   0.7912   0.7918
      inf   0.7834   0.7839   0.7832   0.7824   0.7824   0.7829   0.7833   0.7827   0.7829
      inf   0.7680   0.7684   0.7713   0.7723   0.7749   0.7759   0.7778   0.7750   0.7750
      inf   0.7652   0.7694   0.7707   0.7717   0.7703   0.7709   0.7700   0.7695   0.7699
      inf   0.7653   0.7646   0.7589   0.7588   0.7596   0.7611   0.7593   0.7599   0.7605
      inf   0.7615   0.7534   0.7517   0.7537   0.7525   0.7531   0.7534   0.7541   0.7534
      inf   0.7530   0.7495   0.7483   0.7515   0.7497   0.7511   0.7496   0.7509   0.7497
      inf   0.7385   0.7322   0.7376   0.7367   0.7380   0.7354   0.7338   0.7348   0.7340
      inf   0.7184   0.7113   0.7149   0.7125   0.7156   0.7161   0.7182   0.7181   0.7174
      inf   0.7050   0.7060   0.7110   0.7128   0.7103   0.7077   0.7026   0.7043   0.7038
      inf   0.6845   0.7052   0.7050   0.7027   0.7037   0.7017   0.6980   0.6962   0.6995
      inf   0.6890   0.6956   0.6884   0.6881   0.6881   0.6849   0.6838   0.6849   0.6862
      inf   0.6768   0.6771   0.6739   0.6768   0.6748   0.6763   0.6778   0.6788   0.6793
      inf   0.6728   0.6739   0.6653   0.6575   0.6575   0.6605   0.6613   0.6629   0.6640
      inf   0.6343   0.6289   0.6378   0.6451   0.6419   0.6409   0.6451   0.6440   0.6422
      inf   0.6249   0.6370   0.6348   0.6267   0.6207   0.6252   0.6246   0.6255   0.6275
      inf   0.6195   0.6032   0.6179   0.6200   0.6085   0.6137   0.6133   0.6144   0.6123
      inf   0.5958   0.5904   0.5833   0.5894   0.5963   0.5970   0.5977   0.5956   0.5954
      inf   0.5738   0.5781   0.5743   0.5770   0.5736   0.5733   0.5766   0.5758   0.5769
      inf   0.5599   0.5622   0.5582   0.5524   0.5557   0.5589   0.5532   0.5542   0.5542
      inf   0.5261   0.5304   0.5369   0.5408   0.5365   0.5387   0.5416   0.5389   0.5390
      inf   0.5671   0.5558   0.5423   0.5429   0.5388   0.5398   0.5417   0.5449   0.5446
      inf   0.4934   0.5132   0.5094   0.5058   0.5118   0.5135   0.5106   0.5085   0.5108
      inf   0.4888   0.4949   0.4893   0.4876   0.4913   0.4937   0.4884   0.4898   0.4880
      inf   0.4775   0.4724   0.4708   0.4698   0.4728   0.4730   0.4720   0.4736   0.4734
      inf   0.4881   0.4839   0.4737   0.4651   0.4649   0.4673   0.4687   0.4718   0.4728
      inf   0.4126   0.4295   0.4361   0.4344   0.4309   0.4348   0.4396   0.4364   0.4369
      inf   0.4275   0.4223   0.4255   0.4249   0.4224   0.4228   0.4257   0.4245   0.4232
      inf   0.3959   0.4006   0.3939   0.4001   0.4002   0.4015   0.4029   0.4051   0.4047
      inf   0.4046   0.3954   0.3906   0.3922   0.3967   0.3989   0.3988   0.3989   0.3969
      inf   0.3392   0.3540   0.3577   0.3636   0.3691   0.3703   0.3738   0.3714   0.3701
      inf   0.3951   0.3704   0.3760   0.3741   0.3703   0.3689   0.3686   0.3679   0.3662
      inf   0.3587   0.3578   0.3509   0.3504   0.3462   0.3436   0.3450   0.3449   0.3465
      inf   0.3557   0.3596   0.3506   0.3437   0.3453   0.3409   0.3396   0.3403   0.3392
      inf   0.3216   0.3056   0.3140   0.3125   0.3119   0.3144   0.3178   0.3168   0.3132
      inf   0.3321   0.3274   0.3206   0.3137   0.3126   0.3153   0.3161   0.3165   0.3165
      inf   0.3191   0.3183   0.3120   0.3104   0.3095   0.3071   0.3058   0.3093   0.3072
      inf   0.3212   0.3070   0.2943   0.2957   0.2927   0.2917   0.2926   0.2953   0.2958
      inf   0.2665   0.2822   0.2806   0.2794   0.2798   0.2810   0.2785   0.2775   0.2785
      inf   0.2668   0.2742   0.2748   0.2720   0.2712   0.2739   0.2719   0.2723   0.2720
      inf   0.2679   0.2576   0.2617   0.2605   0.2591   0.2605   0.2621   0.2616   0.2637
      inf   0.2594   0.2520   0.2520   0.2502   0.2511   0.2507   0.2503   0.2520   0.2545
      inf   0.2460   0.2478   0.2495   0.2489   0.2514   0.2497   0.2508   0.2513   0.2530
      inf   0.2281   0.2410   0.2399   0.2423   0.2432   0.2427   0.2421   0.2414   0.2404
      inf   0.2435   0.2369   0.2389   0.2336   0.2355   0.2350   0.2326   0.2310   0.2315
      inf   0.2191   0.2287   0.2288   0.2303   0.2304   0.2314   0.2307   0.2318   0.2314
      inf   0.2120   0.2118   0.2141   0.2176   0.2197   0.2195   0.2203   0.2199   0.2201
      inf   0.2273   0.2179   0.2146   0.2164   0.2164   0.2164   0.2165   0.2142   0.2152
      inf   0.2187   0.2105   0.2114   0.2130   0.2146   0.2128   0.2128   0.2132   0.2120
      inf   0.2175   0.2121   0.2102   0.2113   0.2109   0.2123   0.2132   0.2127   0.2118
      inf   0.2023   0.2087   0.2065   0.2057   0.2035   0.2044   0.2027   0.2015   0.2022
      inf   0.1920   0.1985   0.1976   0.1993   0.1982   0.1990   0.1982   0.1968   0.1964
      inf   0.1819   0.1854   0.1909   0.1913   0.1918   0.1925   0.1928   0.1917   0.1908
      inf   0.1973   0.1915   0.1891   0.1934   0.1928   0.1918   0.1902   0.1900   0.1899
      inf   0.1761   0.1770   0.1822   0.1826   0.1823   0.1812   0.1808   0.1807   0.1809
      inf   0.1823   0.1826   0.1803   0.1799   0.1804   0.1797   0.1794   0.1796   0.1785
      inf   0.1785   0.1758   0.1766   0.1764   0.1766   0.1760   0.1746   0.1754   0.1756
      inf   0.1656   0.1688   0.1675   0.1700   0.1696   0.1708   0.1704   0.1706   0.1714
      inf   0.1765   0.1736   0.1727   0.1709   0.1710   0.1725   0.1715   0.1715   0.1706
      inf   0.1607   0.1628   0.1622   0.1611   0.1606   0.1607   0.1621   0.1635   0.1636
      inf   0.1622   0.1641   0.1626   0.1619   0.1618   0.1618   0.1617   0.1614   0.1612
      inf   0.1595   0.1611   0.1579   0.1582   0.1591   0.1595   0.1589   0.1584   0.1586
      inf   0.1619   0.1564   0.1550   0.1556   0.1560   0.1570   0.1579   0.1568   0.1573
      inf   0.1572   0.1594   0.1583   0.1571   0.1569   0.1555   0.1563   0.1561   0.1553
      inf   0.1601   0.1583   0.1577   0.1569   0.1554   0.1550   0.1541   0.1537   0.1531
      inf   0.1524   0.1511   0.1501   0.1513   0.1514   0.1507   0.1502   0.1496   0.1498
      inf   0.1397   0.1445   0.1456   0.1473   0.1481   0.1483   0.1485   0.1480   0.1474
      inf   0.1392   0.1410   0.1424   0.1419   0.1417   0.1426   0.1429   0.1438   0.1440
      inf   0.1484   0.1457   0.1463   0.1451   0.1440   0.1438   0.1442   0.1442   0.1439
      inf   0.1456   0.1460   0.1460   0.1435   0.1439   0.1436   0.1438   0.1432   0.1429
      inf   0.1362   0.1391   0.1377   0.1380   0.1381   0.1385   0.1392   0.1391   0.1385
      nan   0.1413   0.1379   0.1358   0.1376   0.1358   0.1362   0.1360   0.1363   0.1362
      inf   0.1305   0.1326   0.1331   0.1341   0.1341   0.1348   0.1350   0.1348   0.1357
      inf   0.1338   0.1303   0.1330   0.1340   0.1342   0.1337   0.1338   0.1333   0.1333
      inf   0.1284   0.1283   0.1292   0.1298   0.1299   0.1301   0.1298   0.1303   0.1305
      inf   0.1343   0.1283   0.1281   0.1280   0.1282   0.1277   0.1280   0.1283   0.1285
      inf   0.1342   0.1295   0.1285   0.1283   0.1288   0.1284   0.1288   0.1283   0.1279
      inf   0.1243   0.1244   0.1260   0.1258   0.1261   0.1264   0.1259   0.1263   0.1262
      inf   0.1226   0.1224   0.1227   0.1236   0.1231   0.1235   0.1236   0.1238   0.1239
      inf   0.1311   0.1296   0.1282   0.1265   0.1249   0.1242   0.1240   0.1243   0.1240
      inf   0.1215   0.1206   0.1217   0.1229   0.1217   0.1215   0.1212   0.1215   0.1218

      nan   0.7204   0.7218   0.7225   0.7214   0.7215   0.7241   0.7237   0.7239   0.7235
      nan   0.7212   0.7275   0.7301   0.7344   0.7353   0.7340   0.7346   0.7340   0.7337
      nan   0.7479   0.7499   0.7454   0.7453   0.7446   0.7428   0.7431   0.7430   0.7446
      nan   0.7587   0.7569   0.7531   0.7534   0.7526   0.7554   0.7534   0.7538   0.7541
      nan   0.7674   0.7721   0.7728   0.7666   0.7672   0.7652   0.7628   0.7625   0.7642
      nan   0.7665   0.7695   0.7722   0.7693   0.7679   0.7714   0.7739   0.7723   0.7724
      nan   0.7696   0.7736   0.7804   0.7859   0.7890   0.7865   0.7866   0.7845   0.7834
      nan   0.7918   0.8027   0.7955   0.7970   0.7947   0.7910   0.7921   0.7929   0.7953
      nan   0.8120   0.8028   0.7953   0.7981   0.8056   0.8047   0.8033   0.8039   0.8025
      nan   0.8113   0.8329   0.8281   0.8223   0.8209   0.8204   0.8162   0.8138   0.8192
      nan   0.8218   0.8188   0.8257   0.8206   0.8214   0.8259   0.8278   0.8280   0.8255
      nan   0.8398   0.8308   0.8387   0.8427   0.8447   0.8401   0.8404   0.8404   0.8378
      nan   0.8679   0.8722   0.8636   0.8600   0.8586   0.8525   0.8530   0.8558   0.8562
      nan   0.8490   0.8596   0.8551   0.8569   0.8624   0.8629   0.8641   0.8630   0.8642
      nan   0.8642   0.8725   0.8703   0.8770   0.8751   0.8768   0.8760   0.8747   0.8739
      nan   0.9145   0.8940   0.8953   0.8928   0.8897   0.8918   0.8912   0.8947   0.8927
      nan   0.8963   0.8965   0.9021   0.9044   0.9075   0.9044   0.9103   0.9090   0.9071
      nan   0.9475   0.9400   0.9357   0.9331   0.9311   0.9247   0.9243   0.9276   0.9266
      nan   0.9547   0.9431   0.9345   0.9324   0.9406   0.9379   0.9407   0.9410   0.9415
      nan   0.9230   0.9407   0.9429   0.9482   0.9474   0.9502   0.9495   0.9470   0.9468
      nan   0.9915   0.9738   0.9725   0.9677   0.9651   0.9701   0.9699   0.9727   0.9704
      nan   0.9701   0.9729   0.9774   0.9803   0.9861   0.9836   0.9821   0.9816   0.9814
      nan   0.9935   0.9979   0.9991   0.9946   0.9917   0.9931   0.9940   0.9942   0.9922
      nan   1.0019   1.0018   0.9990   1.0044   1.0095   1.0061   1.0075   1.0080   1.0062
      nan   1.0350   1.0325   1.0343   1.0326   1.0330   1.0291   1.0263   1.0262   1.0262
      nan   1.0509   1.0451   1.0354   1.0306   1.0269   1.0298   1.0319   1.0342   1.0314
      nan   1.0419   1.0370   1.0414   1.0485   1.0551   1.0550   1.0560   1.0541   1.0527
      nan   1.0946   1.0713   1.0926   1.0889   1.0878   1.0868   1.0797   1.0823   1.0787
      nan   1.1313   1.1240   1.1190   1.1094   1.1047   1.1008   1.1031   1.1044   1.1049
      nan   1.0870   1.1108   1.1142   1.1161   1.1278   1.1249   1.1274   1.1231   1.1201
      nan   1.1320   1.1221   1.1413   1.1432   1.1396   1.1349   1.1412   1.1374   1.1355
      nan   1.1670   1.1745   1.1652   1.2420   1.2230   1.2101   1.2034   1.1982   1.1980
      nan   1.2111   1.1677   1.1692   1.1700   1.1720   1.1757   1.1719   1.1771   1.1712
      nan   1.1990   1.2259   1.2098   1.2033   1.2329   1.2229   1.2166   1.2144   1.2169
      nan   1.1872   1.1868   1.2143   1.2087   1.2278   1.2266   1.2235   1.2184   1.2136
      nan   1.2922   1.2840   1.2693   1.2537   1.2512   1.2387   1.2543   1.2634   1.2644
      nan   1.2364   1.2816   1.2598   1.2726   1.2651   1.2697   1.2641   1.2624   1.2692
      nan   1.2951   1.2769   1.2732   1.2846   1.2910   1.2897   1.2898   1.2893   1.2867
      nan   1.2763   1.3051   1.3129   1.3090   1.3070   1.3072   1.3049   1.3005   1.3053
      nan   1.3805   1.3735   1.3691   1.3647   1.3549   1.3620   1.3766   1.3797   1.3737
      nan   1.4235   1.4315   1.4313   1.4466   1.4390   1.4436   1.4366   1.4411   1.4402
      nan   1.5767   1.5706   1.5307   1.5160   1.4953   1.4815   1.4596   1.4895   1.4919
      nan   1.4931   1.4733   1.4690   1.4545   1.4683   1.4622   1.4786   1.4824   1.4786
      nan   1.5156   1.5368   1.5852   1.5854   1.5755   1.5609   1.5777   1.5697   1.5662
      nan   1.5092   1.5648   1.5901   1.5770   1.5869   1.5821   1.5779   1.5703   1.5721
      nan   1.5723   1.5761   1.5781   1.5477   1.5698   1.5631   1.5719   1.5597   1.5704
      nan   1.6297   1.6899   1.6373   1.6272   1.6240   1.6448   1.6605   1.6543   1.6645
      nan   1.7431   1.8040   1.7864   1.8250   1.8029   1.7909   1.7703   1.7693   1.7708
      nan   1.7669   1.8095   1.7481   1.7352   1.7438   1.7643   1.8036   1.7856   1.8008
      nan   1.8703   1.7426   1.7594   1.7982   1.7781   1.7943   1.8273   1.8313   1.8086
      nan   1.8510   1.7690   1.8238   1.8437   1.8236   1.8469   1.8557   1.8487   1.8402
      nan   1.9198   1.8881   1.9001   1.8747   1.8836   1.8756   1.8703   1.8658   1.8656
      nan   1.8339   1.8283   1.8986   1.9279   1.9236   1.9077   1.9021   1.8968   1.8896
      nan   1.9717   2.0404   1.9880   1.9452   1.9564   1.9546   1.9379   1.9421   1.9588
      nan   2.0040   1.9541   1.9649   1.9832   2.0122   1.9892   1.9888   1.9891   1.9787
      nan   1.9857   2.0210   2.0015   1.9823   2.0120   1.9891   1.9968   1.9950   1.9986
      nan   1.9096   1.9955   1.9911   2.0090   2.0008   2.0123   2.0060   1.9992   1.9996
      nan   1.9524   1.9663   1.9965   1.9992   2.0197   2.0099   2.0093   2.0119   2.0029
      nan   1.9601   1.9949   1.9989   2.0053   2.0229   2.0327   2.0498   2.0354   2.0352
      nan   2.0414   2.0743   2.0439   2.0353   2.0237   2.0175   2.0102   2.0174   2.0197
      nan   1.9030   1.9269   1.9713   1.9664   1.9741   1.9722   1.9698   1.9597   1.9608
      nan   1.9395   1.9282   1.9711   1.9468   1.9449   1.9494   1.9558   1.9564   1.9509
      nan   1.9246   1.9141   1.9048   1.9229   1.9229   1.9237   1.9344   1.9325   1.9312
      nan   1.8705   1.9187   1.9250   1.9044   1.9097   1.9333   1.9235   1.9238   1.9189
      nan   1.9079   1.8696   1.8845   1.8736   1.8605   1.8623   1.8682   1.8722   1.8706
      nan   1.7949   1.7772   1.8057   1.7953   1.8049   1.8258   1.8381   1.8333   1.8280
      nan   1.8658   1.7892   1.7959   1.7934   1.7884   1.7897   1.7980   1.8015   1.7949
      nan   1.7809   1.7135   1.6837   1.6864   1.6821   1.6763   1.6880   1.7059   1.7035
      nan   1.7165   1.6785   1.6891   1.6996   1.7091   1.7000   1.6969   1.6979   1.6897
      nan   1.5660   1.5816   1.6099   1.6397   1.6475   1.6443   1.6444   1.6433   1.6372
      nan   1.5932   1.5926   1.6134   1.6057   1.6049   1.6100   1.6114   1.5938   1.5927
      nan   1.5603   1.5400   1.5491   1.5484   1.5392   1.5336   1.5330   1.5350   1.5392
      nan   1.6009   1.5777   1.5691   1.5422   1.5433   1.5368   1.5254   1.5272   1.5276
      nan   1.4397   1.4030   1.4432   1.4316   1.4353   1.4467   1.4583   1.4581   1.4483
      nan   1.4891   1.4793   1.4240   1.4164   1.4167   1.4239   1.4300   1.4336   1.4346
      nan   1.4121   1.4170   1.4131   1.3981   1.3954   1.3929   1.3862   1.3930   1.3959
      nan   1.3655   1.3513   1.3351   1.3411   1.3432   1.3447   1.3405   1.3486   1.3519
      nan   1.3036   1.3288   1.3239   1.3171   1.3156   1.3197   1.3194   1.3198   1.3210
      nan   1.2822   1.3053   1.3019   1.2768   1.2744   1.2846   1.2786   1.2800   1.2793
      nan   1.2298   1.2100   1.2326   1.2168   1.2108   1.2126   1.2236   1.2207   1.2289
      nan   1.2821   1.2120   1.1920   1.1885   1.1967   1.1947   1.1885   1.1939   1.1985
      nan   1.2015   1.2007   1.2016   1.1907   1.1931   1.1826   1.1806   1.1794   1.1850
      nan   1.1948   1.1994   1.1841   1.1898   1.1831   1.1786   1.1823   1.1764   1.1707
      nan   1.2025   1.1728   1.1674   1.1527   1.1454   1.1397   1.1288   1.1294   1.1310
      nan   1.0784   1.1041   1.0997   1.1000   1.0993   1.1092   1.1069   1.1084   1.1103
      nan   1.0777   1.0498   1.0542   1.0780   1.0822   1.0856   1.0839   1.0816   1.0824
      nan   1.0835   1.0687   1.0659   1.0707   1.0680   1.0664   1.0678   1.0653   1.0660
      nan   1.0872   1.0426   1.0493   1.0560   1.0595   1.0525   1.0495   1.0544   1.0501
      nan   1.0358   1.0354   1.0365   1.0341   1.0395   1.0440   1.0426   1.0441   1.0436
      nan   1.0119   1.0298   1.0216   1.0244   1.0232   1.0239   1.0205   1.0186   1.0228
      nan   0.9420   0.9703   0.9760   0.9783   0.9760   0.9780   0.9845   0.9813   0.9815
      nan   0.9376   0.9570   0.9749   0.9782   0.9816   0.9847   0.9861   0.9837   0.9821
      nan   0.9959   0.9803   0.9678   0.9813   0.9802   0.9808   0.9772   0.9766   0.9772
      nan   0.9468   0.9539   0.9615   0.9621   0.9593   0.9587   0.9542   0.9516   0.9487
      nan   0.9600   0.9465   0.9414   0.9377   0.9437   0.9436   0.9432   0.9438   0.9423
      nan   0.9403   0.9418   0.9371   0.9379   0.9326   0.9331   0.9320   0.9293   0.9286
      nan   0.9160   0.9241   0.9121   0.9134   0.9150   0.9131   0.9104   0.9107   0.9126
      nan   0.8968   0.8841   0.8911   0.8938   0.8962   0.9013   0.8978   0.9003   0.9002
      nan   0.8960   0.8990   0.8969   0.8931   0.8929   0.8895   0.8905   0.8927   0.8925
      nan   0.8629   0.8689   0.8750   0.8728   0.8712   0.8693   0.8697   0.8708   0.8731
      nan   0.8487   0.8538   0.8548   0.8555   0.8595   0.8614   0.8612   0.8637   0.8624
      nan   0.8856   0.8583   0.8496   0.8522   0.8547   0.8549   0.8570   0.8548   0.8522
      nan   0.8657   0.8656   0.8566   0.8529   0.8514   0.8491   0.8474   0.8460   0.8450
      nan   0.8423   0.8350   0.8410   0.8416   0.8385   0.8386   0.8385   0.8384   0.8375
      nan   0.8235   0.8301   0.8326   0.8329   0.8333   0.8322   0.8342   0.8327   0.8344
      nan   0.8109   0.8192   0.8213   0.8247   0.8207   0.8192   0.8198   0.8187   0.8149
      nan   0.7985   0.7902   0.7935   0.7932   0.7934   0.7951   0.7960   0.7978   0.7999
      nan   0.8109   0.8077   0.8046   0.8082   0.8026   0.8026   0.8002   0.7990   0.8008
      nan   0.8114   0.8055   0.8060   0.7996   0.7976   0.7992   0.7999   0.8014   0.8040
      nan   0.7818   0.7860   0.7836   0.7855   0.7821   0.7836   0.7880   0.7878   0.7860
      nan   0.7870   0.7721   0.7707   0.7702   0.7733   0.7731   0.7726   0.7748   0.7756
      nan   0.7673   0.7666   0.7655   0.7680   0.7703   0.7696   0.7704   0.7717   0.7725
      nan   0.7537   0.7584   0.7646   0.7661   0.7664   0.7667   0.7649   0.7638   0.7629
      nan   0.7567   0.7546   0.7609   0.7547   0.7552   0.7576   0.7572   0.7601   0.7607
      nan   0.7481   0.7417   0.7447   0.7449   0.7432   0.7425   0.7438   0.7434   0.7438
      nan   0.7421   0.7346   0.7346   0.7383   0.7362   0.7357   0.7364   0.7368   0.7354
      nan   0.7275   0.7272   0.7287   0.7295   0.7340   0.7343   0.7338   0.7332   0.7332
      nan   0.7118   0.7232   0.7212   0.7248   0.7234   0.7240   0.7230   0.7245   0.7236
      nan   0.7272   0.7269   0.7302   0.7305   0.7278   0.7256   0.7236   0.7249   0.7224
      nan   0.7129   0.7157   0.7157   0.7150   0.7137   0.7158   0.7145   0.7158   0.7150

          nan   3.7610e-01   3.8407e-01   3.8364e-01   3.8347e-01   3.8940e-01   3.9371e-01   3.9346e-01   3.9242e-01   3.9180e-01
          nan   3.8799e-01   3.9839e-01   4.0176e-01   4.1487e-01   4.1314e-01   4.0962e-01   4.0936e-01   4.0777e-01   4.0759e-01
          nan   4.4398e-01   4.2808e-01   4.1920e-01   4.1911e-01   4.2385e-01   4.1905e-01   4.1868e-01   4.2051e-01   4.2033e-01
          nan   4.5374e-01   4.5049e-01   4.3816e-01   4.3755e-01   4.3532e-01   4.3547e-01   4.3085e-01   4.3643e-01   4.3635e-01
          nan   4.5463e-01   4.7365e-01   4.6218e-01   4.4996e-01   4.5831e-01   4.5375e-01   4.4847e-01   4.4742e-01   4.5128e-01
          nan   4.3938e-01   4.6211e-01   4.6259e-01   4.6733e-01   4.6183e-01   4.7039e-01   4.7201e-01   4.6949e-01   4.6953e-01
          nan   4.7673e-01   4.6783e-01   5.0685e-01   5.1157e-01   5.2818e-01   5.1824e-01   5.1463e-01   5.0763e-01   5.0384e-01
          nan   5.1536e-01   5.4107e-01   5.2169e-01   5.1864e-01   5.0959e-01   5.0369e-01   5.0298e-01   5.0649e-01   5.1220e-01
          nan   5.5988e-01   5.2976e-01   5.1179e-01   5.1945e-01   5.3838e-01   5.3492e-01   5.2959e-01   5.3238e-01   5.2841e-01
          nan   5.4909e-01   6.0162e-01   5.9742e-01   5.7780e-01   5.6965e-01   5.6693e-01   5.5535e-01   5.4983e-01   5.6438e-01
          nan   5.5056e-01   5.4108e-01   5.6317e-01   5.6275e-01   5.6188e-01   5.7341e-01   5.8149e-01   5.7840e-01   5.7283e-01
          nan   6.2666e-01   5.9670e-01   6.1640e-01   6.2824e-01   6.2540e-01   6.1490e-01   6.1327e-01   6.1492e-01   6.0925e-01
          nan   7.2140e-01   7.1893e-01   6.9087e-01   6.7277e-01   6.5980e-01   6.4333e-01   6.4231e-01   6.5120e-01   6.5282e-01
          nan   6.2270e-01   6.4432e-01   6.3710e-01   6.3115e-01   6.5052e-01   6.6246e-01   6.6090e-01   6.5684e-01   6.5938e-01
          nan   6.5386e-01   6.6596e-01   6.7079e-01   6.8247e-01   6.8023e-01   6.8643e-01   6.8276e-01   6.7701e-01   6.7649e-01
          nan   8.2475e-01   7.3415e-01   7.3696e-01   7.3674e-01   7.2312e-01   7.3509e-01   7.3697e-01   7.4860e-01   7.3858e-01
          nan   7.0106e-01   7.1427e-01   7.6390e-01   7.7581e-01   7.6889e-01   7.5435e-01   8.2829e-01   8.1467e-01   8.0273e-01
          nan   9.7162e-01   9.1409e-01   8.7680e-01   8.6545e-01   8.4770e-01   8.1988e-01   8.3864e-01   8.5545e-01   8.5082e-01
          nan   9.2549e-01   8.6750e-01   8.1876e-01   8.3630e-01   9.2516e-01   9.1039e-01   9.0577e-01   9.0465e-01   9.0077e-01
          nan   8.2420e-01   9.4305e-01   9.4608e-01   9.3583e-01   9.1519e-01   9.1973e-01   9.0796e-01   8.9697e-01   9.1055e-01
          nan   1.0473e+00   9.7319e-01   9.4917e-01   9.2478e-01   9.1632e-01   1.0028e+00   1.0070e+00   1.0120e+00   9.9991e-01
          nan   8.9582e-01   9.4049e-01   9.7547e-01   1.0078e+00   1.0129e+00   1.0235e+00   1.0073e+00   9.9475e-01   9.9407e-01
          nan   1.0014e+00   1.0247e+00   1.0421e+00   1.0163e+00   9.9372e-01   1.0023e+00   1.0268e+00   1.0250e+00   1.0221e+00
          nan   1.0932e+00   1.0439e+00   1.0158e+00   1.1564e+00   1.1656e+00   1.1306e+00   1.1258e+00   1.1236e+00   1.1073e+00
          nan   1.1558e+00   1.1705e+00   1.2112e+00   1.1782e+00   1.2373e+00   1.2007e+00   1.1785e+00   1.1745e+00   1.1714e+00
          nan   1.1536e+00   1.2280e+00   1.1878e+00   1.1489e+00   1.1372e+00   1.1487e+00   1.1606e+00   1.1631e+00   1.1563e+00
          nan   1.1838e+00   1.1935e+00   1.1924e+00   1.2554e+00   1.3284e+00   1.3206e+00   1.3148e+00   1.2998e+00   1.2822e+00
          nan   1.4511e+00   1.3642e+00   1.5279e+00   1.5103e+00   1.4869e+00   1.4688e+00   1.4277e+00   1.4323e+00   1.4130e+00
          nan   1.9422e+00   1.8264e+00   1.7107e+00   1.6472e+00   1.5956e+00   1.5642e+00   1.5489e+00   1.5945e+00   1.5794e+00
          nan   1.6890e+00   1.6331e+00   1.6988e+00   1.6290e+00   1.8759e+00   1.7996e+00   1.7958e+00   1.7868e+00   1.7460e+00
          nan   1.5420e+00   1.5563e+00   1.8038e+00   1.7569e+00   1.7266e+00   1.6919e+00   1.7226e+00   1.6956e+00   1.6758e+00
          nan   1.9742e+00   2.0256e+00   1.9339e+00   4.2786e+00   3.8169e+00   3.4623e+00   3.2314e+00   3.0755e+00   2.9719e+00
          nan   1.9765e+00   1.7659e+00   1.7623e+00   1.8099e+00   1.8727e+00   1.8885e+00   1.8980e+00   1.9141e+00   1.8725e+00
          nan   2.0543e+00   2.2413e+00   2.1007e+00   2.0324e+00   2.9813e+01   2.9663e+02   4.2043e+02   4.7666e+02   4.9864e+02
          nan   1.8477e+00   1.7953e+00   2.1582e+00   2.1051e+00   2.4129e+00   2.3582e+00   2.3003e+00   2.2434e+00   2.1836e+00
          nan   3.3951e+00   3.2281e+00   2.8885e+00   2.6981e+00   2.6252e+00   2.4933e+00   2.7098e+00   2.8957e+00   2.9075e+00
          nan   2.3430e+00   2.8471e+00   2.5882e+00   2.6211e+00   2.6169e+00   2.6982e+00   2.6266e+00   2.6132e+00   2.6945e+00
          nan   2.7424e+00   2.8137e+00   2.7526e+00   2.9203e+00   2.9694e+00   2.9334e+00   2.9175e+00   2.9084e+00   2.9133e+00
          nan   2.6263e+00   2.7746e+00   2.8920e+00   2.8693e+00   2.8295e+00   2.8333e+00   2.8235e+00   2.8543e+00   2.8661e+00
          nan   4.0150e+00   3.8352e+00   3.7892e+00   3.8002e+00   3.6843e+00   3.6986e+00   3.8657e+00   3.9459e+00   3.8376e+00
          nan   4.8636e+00   4.6186e+00   4.6320e+00   2.4192e+02   3.9630e+02   3.9707e+02   3.6443e+02   3.3449e+02   3.0845e+02
          nan   6.7999e+00   2.3080e+02   4.3150e+02   4.2832e+02   3.9440e+02   4.3716e+02   4.4316e+02   4.2998e+02   4.2003e+02
          nan   7.1497e+00   5.8982e+00   5.4792e+00   5.2134e+00   5.3822e+00   5.2143e+00   1.5059e+02   2.8621e+02   3.6235e+02
          nan   5.6292e+00   3.1599e+02   3.2578e+02   2.6632e+02   3.8737e+02   4.2293e+02   4.2223e+02   4.0989e+02   4.0742e+02
          nan   5.1905e+00   9.0313e+00   9.8310e+00   9.0266e+00   1.0118e+01   1.1810e+02   2.7531e+02   3.5568e+02   3.9477e+02
          nan   6.4055e+00   2.3624e+02   4.0506e+02   4.0035e+02   4.0942e+02   4.0723e+02   3.8818e+02   3.6690e+02   3.5690e+02
          nan   7.3264e+00   1.7230e+02   3.8876e+02   3.9284e+02   3.9638e+02   3.8986e+02   3.9433e+02   3.8317e+02   3.7036e+02
          nan   2.2728e+02   3.7406e+02   3.7345e+02   3.7473e+02   3.8089e+02   3.7935e+02   3.7294e+02   3.6427e+02   3.7368e+02
          nan   3.4354e+02   3.5433e+02   3.6010e+02   3.7281e+02   3.4920e+02   3.4532e+02   3.6244e+02   3.5740e+02   3.5722e+02
          nan   9.8726e+01   5.5687e+01   1.9262e+02   1.9348e+02   2.0909e+02   2.7145e+02   2.8856e+02   2.7065e+02   2.5091e+02
          nan   3.5250e+02   2.7536e+02   3.5088e+02   3.5126e+02   3.4336e+02   3.2351e+02   3.1861e+02   3.2752e+02   3.4369e+02
          nan   3.1079e+02   3.0282e+02   3.3782e+02   3.4109e+02   3.3883e+02   3.3939e+02   3.4119e+02   3.4249e+02   3.4094e+02
          nan   3.3670e+02   3.0682e+02   3.2633e+02   3.2479e+02   3.1021e+02   3.1502e+02   3.1857e+02   3.2526e+02   3.2848e+02
          nan   2.5903e+02   3.0182e+02   3.0027e+02   3.0566e+02   3.0766e+02   3.0613e+02   3.0836e+02   3.0918e+02   3.0768e+02
          nan   2.4235e+02   2.7138e+02   2.5971e+02   2.2721e+02   2.4946e+02   2.5756e+02   2.6902e+02   2.8123e+02   2.9237e+02
          nan   2.9174e+02   2.4873e+02   2.4349e+02   2.8559e+02   2.8219e+02   2.8572e+02   2.8384e+02   2.8585e+02   2.8673e+02
          nan   2.6694e+02   2.5926e+02   2.6455e+02   2.6400e+02   2.7001e+02   2.6930e+02   2.6459e+02   2.6462e+02   2.6959e+02
          nan   4.5911e+01   1.4825e+02   1.9139e+02   2.0753e+02   2.2111e+02   2.4055e+02   2.4681e+02   2.5628e+02   2.5851e+02
          nan   2.1774e+02   2.4033e+02   2.4202e+02   2.4040e+02   2.4246e+02   2.4480e+02   2.4073e+02   2.3855e+02   2.3999e+02
          nan   2.1299e+02   2.2449e+02   2.3116e+02   2.3339e+02   2.2922e+02   2.3009e+02   2.3290e+02   2.3119e+02   2.3114e+02
          nan   2.4482e+02   2.3718e+02   2.2728e+02   2.3090e+02   2.2823e+02   2.2934e+02   2.2918e+02   2.3174e+02   2.3103e+02
          nan   1.9935e+02   2.1109e+02   2.0955e+02   2.0631e+02   2.0404e+02   2.0544e+02   2.0240e+02   2.0416e+02   2.0640e+02
          nan   1.9100e+02   1.9593e+02   1.9437e+02   1.9396e+02   1.9631e+02   1.9561e+02   1.9069e+02   1.9132e+02   1.9265e+02
          nan   1.6849e+02   1.8324e+02   1.8250e+02   1.8230e+02   1.8491e+02   1.8547e+02   1.8440e+02   1.8545e+02   1.8505e+02
          nan   1.2946e+02   1.6416e+02   1.7717e+02   1.6936e+02   1.7363e+02   1.7589e+02   1.8033e+02   1.8307e+02   1.8343e+02
          nan   1.4813e+02   1.4730e+02   1.6051e+02   1.5960e+02   1.5785e+02   1.6023e+02   1.6292e+02   1.6141e+02   1.6172e+02
          nan   1.4745e+02   1.3369e+02   1.4461e+02   1.4870e+02   1.4738e+02   1.4601e+02   1.4906e+02   1.5111e+02   1.5218e+02
          nan   1.2565e+02   1.3945e+02   1.3527e+02   1.3872e+02   1.3890e+02   1.3896e+02   1.3995e+02   1.4089e+02   1.4099e+02
          nan   1.3316e+02   1.3537e+02   1.3276e+02   1.3421e+02   1.3689e+02   1.3703e+02   1.3703e+02   1.3754e+02   1.3604e+02
          nan   1.0703e+02   1.1399e+02   1.1662e+02   1.2007e+02   1.2244e+02   1.2253e+02   1.2396e+02   1.2308e+02   1.2258e+02
          nan   1.3295e+02   1.2120e+02   1.2396e+02   1.2324e+02   1.2143e+02   1.2076e+02   1.2082e+02   1.2021e+02   1.1929e+02
          nan   1.1376e+02   1.1296e+02   1.1014e+02   1.0890e+02   1.0654e+02   1.0539e+02   1.0692e+02   1.0710e+02   1.0826e+02
          nan   1.1170e+02   1.1364e+02   1.0976e+02   1.0640e+02   1.0715e+02   1.0508e+02   1.0419e+02   1.0454e+02   1.0411e+02
          nan   9.4634e+01   8.7357e+01   9.1330e+01   9.0413e+01   9.0098e+01   9.1805e+01   9.3539e+01   9.3129e+01   9.1351e+01
          nan   9.4636e+01   9.5215e+01   9.2960e+01   9.0011e+01   8.9743e+01   9.1234e+01   9.1918e+01   9.1998e+01   9.1940e+01
          nan   8.8545e+01   8.8849e+01   8.8435e+01   8.7588e+01   8.7779e+01   8.6914e+01   8.6232e+01   8.7810e+01   8.7034e+01
          nan   9.1279e+01   8.5860e+01   7.9851e+01   8.0630e+01   7.9682e+01   7.9379e+01   7.9702e+01   8.0787e+01   8.1079e+01
          nan   6.9409e+01   7.5634e+01   7.4626e+01   7.4039e+01   7.4180e+01   7.4629e+01   7.3688e+01   7.3416e+01   7.3803e+01
          nan   6.5480e+01   7.0943e+01   7.1725e+01   7.0199e+01   6.9850e+01   7.1073e+01   7.0299e+01   7.0407e+01   7.0286e+01
          nan   6.6687e+01   6.3177e+01   6.5175e+01   6.4119e+01   6.3486e+01   6.4229e+01   6.5053e+01   6.4978e+01   6.5963e+01
          nan   6.5119e+01   6.1471e+01   6.0944e+01   6.0057e+01   6.0637e+01   6.0280e+01   6.0066e+01   6.0850e+01   6.1917e+01
          nan   5.9080e+01   5.8746e+01   5.9983e+01   5.9382e+01   6.0348e+01   5.9677e+01   5.9930e+01   5.9939e+01   6.0710e+01
          nan   5.1348e+01   5.6037e+01   5.5621e+01   5.6452e+01   5.6732e+01   5.6465e+01   5.6357e+01   5.5995e+01   5.5645e+01
          nan   5.6997e+01   5.4372e+01   5.4519e+01   5.2461e+01   5.3116e+01   5.2741e+01   5.1787e+01   5.1289e+01   5.1566e+01
          nan   4.7246e+01   5.0717e+01   5.0550e+01   5.0958e+01   5.1050e+01   5.1602e+01   5.1207e+01   5.1642e+01   5.1432e+01
          nan   4.4804e+01   4.4006e+01   4.4576e+01   4.6133e+01   4.6898e+01   4.6970e+01   4.7113e+01   4.6948e+01   4.7016e+01
          nan   4.9146e+01   4.5475e+01   4.4267e+01   4.5195e+01   4.5085e+01   4.5321e+01   4.5436e+01   4.4652e+01   4.4989e+01
          nan   4.3631e+01   4.1707e+01   4.2961e+01   4.3736e+01   4.4439e+01   4.3878e+01   4.3742e+01   4.3942e+01   4.3434e+01
          nan   4.4556e+01   4.3107e+01   4.2632e+01   4.3087e+01   4.3196e+01   4.3601e+01   4.3791e+01   4.3695e+01   4.3439e+01
          nan   3.9431e+01   4.2094e+01   4.1136e+01   4.0988e+01   4.0239e+01   4.0361e+01   3.9774e+01   3.9351e+01   3.9665e+01
          nan   3.5767e+01   3.7893e+01   3.7524e+01   3.8134e+01   3.7795e+01   3.8089e+01   3.8015e+01   3.7540e+01   3.7395e+01
          nan   3.1408e+01   3.3017e+01   3.5049e+01   3.5362e+01   3.5664e+01   3.5861e+01   3.6073e+01   3.5752e+01   3.5416e+01
          nan   3.8053e+01   3.5643e+01   3.5010e+01   3.6359e+01   3.6231e+01   3.5847e+01   3.5356e+01   3.5336e+01   3.5352e+01
          nan   3.0269e+01   3.0909e+01   3.2464e+01   3.2652e+01   3.2528e+01   3.2214e+01   3.2022e+01   3.1972e+01   3.1987e+01
          nan   3.2700e+01   3.2445e+01   3.1910e+01   3.1637e+01   3.1882e+01   3.1686e+01   3.1542e+01   3.1618e+01   3.1301e+01
          nan   3.1739e+01   3.0633e+01   3.0624e+01   3.0548e+01   3.0544e+01   3.0385e+01   2.9949e+01   3.0152e+01   3.0209e+01
          nan   2.6832e+01   2.8152e+01   2.7578e+01   2.8226e+01   2.8147e+01   2.8511e+01   2.8352e+01   2.8443e+01   2.8677e+01
          nan   2.9185e+01   2.9033e+01   2.8865e+01   2.8328e+01   2.8357e+01   2.8880e+01   2.8529e+01   2.8505e+01   2.8307e+01
          nan   2.5521e+01   2.5927e+01   2.5836e+01   2.5618e+01   2.5403e+01   2.5375e+01   2.5764e+01   2.6151e+01   2.6190e+01
          nan   2.5114e+01   2.5996e+01   2.5540e+01   2.5315e+01   2.5328e+01   2.5364e+01   2.5348e+01   2.5261e+01   2.5303e+01
          nan   2.4806e+01   2.5342e+01   2.4468e+01   2.4525e+01   2.4777e+01   2.4830e+01   2.4611e+01   2.4470e+01   2.4526e+01
          nan   2.5410e+01   2.3708e+01   2.3399e+01   2.3558e+01   2.3752e+01   2.3992e+01   2.4269e+01   2.3995e+01   2.4111e+01
          nan   2.4573e+01   2.4880e+01   2.4425e+01   2.4151e+01   2.4028e+01   2.3578e+01   2.3824e+01   2.3756e+01   2.3514e+01
          nan   2.4485e+01   2.4131e+01   2.4001e+01   2.3802e+01   2.3395e+01   2.3282e+01   2.3065e+01   2.2991e+01   2.2827e+01
          nan   2.2762e+01   2.2332e+01   2.2030e+01   2.2326e+01   2.2348e+01   2.2138e+01   2.2059e+01   2.1942e+01   2.2003e+01
          nan   1.9082e+01   2.0351e+01   2.0690e+01   2.1123e+01   2.1353e+01   2.1389e+01   2.1393e+01   2.1240e+01   2.1052e+01
          nan   1.8991e+01   1.9390e+01   1.9831e+01   1.9697e+01   1.9603e+01   1.9818e+01   1.9897e+01   2.0149e+01   2.0172e+01
          nan   2.1420e+01   2.0613e+01   2.0623e+01   2.0345e+01   2.0104e+01   2.0037e+01   2.0107e+01   2.0118e+01   2.0050e+01
          nan   2.0108e+01   2.0328e+01   2.0449e+01   1.9858e+01   1.9955e+01   1.9879e+01   1.9910e+01   1.9802e+01   1.9746e+01
          nan   1.7563e+01   1.8647e+01   1.8286e+01   1.8358e+01   1.8437e+01   1.8540e+01   1.8710e+01   1.8668e+01   1.8553e+01
          nan   1.9091e+01   1.8236e+01   1.7693e+01   1.8135e+01   1.7778e+01   1.7854e+01   1.7802e+01   1.7914e+01   1.7931e+01
          nan   1.6531e+01   1.7109e+01   1.7159e+01   1.7310e+01   1.7378e+01   1.7561e+01   1.7610e+01   1.7559e+01   1.7800e+01
          nan   1.7164e+01   1.6425e+01   1.7128e+01   1.7346e+01   1.7322e+01   1.7220e+01   1.7183e+01   1.7056e+01   1.7078e+01
          nan   1.5960e+01   1.5876e+01   1.6134e+01   1.6281e+01   1.6265e+01   1.6365e+01   1.6316e+01   1.6448e+01   1.6507e+01
          nan   1.7109e+01   1.5670e+01   1.5723e+01   1.5675e+01   1.5651e+01   1.5524e+01   1.5607e+01   1.5684e+01   1.5769e+01
          nan   1.6975e+01   1.5961e+01   1.5771e+01   1.5751e+01   1.5884e+01   1.5763e+01   1.5847e+01   1.5734e+01   1.5663e+01
          nan   1.4558e+01   1.4769e+01   1.5102e+01   1.5132e+01   1.5190e+01   1.5231e+01   1.5145e+01   1.5249e+01   1.5214e+01
          nan   1.4258e+01   1.4383e+01   1.4452e+01   1.4631e+01   1.4533e+01   1.4602e+01   1.4614e+01   1.4652e+01   1.4658e+01
          nan   1.6329e+01   1.5944e+01   1.5626e+01   1.5229e+01   1.4911e+01   1.4744e+01   1.4679e+01   1.4744e+01   1.4657e+01
          nan   1.4164e+01   1.3961e+01   1.4196e+01   1.4477e+01   1.4209e+01   1.4154e+01   1.4073e+01   1.4125e+01   1.4199e+01

       nan    0.3761    0.3841    0.3836    0.3835    0.3894    0.3937    0.3935    0.3924    0.3918
       nan    0.3880    0.3984    0.4018    0.4149    0.4131    0.4096    0.4094    0.4078    0.4076
       nan    0.4440    0.4281    0.4192    0.4191    0.4239    0.4190    0.4187    0.4205    0.4203
       nan    0.4537    0.4505    0.4382    0.4376    0.4353    0.4355    0.4309    0.4364    0.4363
       nan    0.4546    0.4737    0.4622    0.4500    0.4583    0.4538    0.4485    0.4474    0.4513
       nan    0.4394    0.4621    0.4626    0.4673    0.4618    0.4704    0.4720    0.4695    0.4695
       nan    0.4767    0.4678    0.5068    0.5116    0.5282    0.5182    0.5146    0.5076    0.5038
       nan    0.5154    0.5411    0.5217    0.5186    0.5096    0.5037    0.5030    0.5065    0.5122
       nan    0.5599    0.5298    0.5118    0.5195    0.5384    0.5349    0.5296    0.5324    0.5284
       nan    0.5491    0.6016    0.5974    0.5778    0.5696    0.5669    0.5554    0.5498    0.5644
       nan    0.5506    0.5411    0.5632    0.5627    0.5619    0.5734    0.5815    0.5784    0.5728
       nan    0.6267    0.5967    0.6164    0.6282    0.6254    0.6149    0.6133    0.6149    0.6093
       nan    0.7214    0.7189    0.6909    0.6728    0.6598    0.6433    0.6423    0.6512    0.6528
       nan    0.6227    0.6443    0.6371    0.6312    0.6505    0.6625    0.6609    0.6568    0.6594
       nan    0.6539    0.6660    0.6708    0.6825    0.6802    0.6864    0.6828    0.6770    0.6765
       nan    0.8247    0.7341    0.7370    0.7367    0.7231    0.7351    0.7370    0.7486    0.7386
       nan    0.7011    0.7143    0.7639    0.7758    0.7689    0.7544    0.8283    0.8147    0.8027
       nan    0.9716    0.9141    0.8768    0.8655    0.8477    0.8199    0.8386    0.8555    0.8508
       nan    0.9255    0.8675    0.8188    0.8363    0.9252    0.9104    0.9058    0.9046    0.9008
       nan    0.8242    0.9431    0.9461    0.9358    0.9152    0.9197    0.9080    0.8970    0.9105
       nan    1.0473    0.9732    0.9492    0.9248    0.9163    1.0028    1.0070    1.0120    0.9999
       nan    0.8958    0.9405    0.9755    1.0078    1.0129    1.0235    1.0073    0.9947    0.9941
       nan    1.0014    1.0247    1.0421    1.0163    0.9937    1.0023    1.0268    1.0250    1.0221
       nan    1.0932    1.0439    1.0158    1.1564    1.1656    1.1306    1.1258    1.1236    1.1073
       nan    1.1558    1.1705    1.2112    1.1782    1.2373    1.2007    1.1785    1.1745    1.1714
       nan    1.1536    1.2280    1.1878    1.1489    1.1372    1.1487    1.1606    1.1631    1.1563
       nan    1.1838    1.1935    1.1924    1.2554    1.3284    1.3206    1.3148    1.2998    1.2822
       nan    1.4511    1.3642    1.5279    1.5103    1.4869    1.4688    1.4277    1.4323    1.4130
       nan    1.9422    1.8264    1.7107    1.6472    1.5956    1.5642    1.5489    1.5945    1.5794
       nan    1.6890    1.6331    1.6988    1.6290    1.8759    1.7996    1.7958    1.7868    1.7460
       nan    1.5420    1.5563    1.8038    1.7569    1.7266    1.6919    1.7226    1.6956    1.6758
       nan    1.9742    2.0256    1.9339    4.0715    3.6510    3.3238    3.1127    2.9715    2.8795
       nan    1.9765    1.7659    1.7623    1.8099    1.8727    1.8885    1.8980    1.9141    1.8725
       nan    2.0543    2.2413    2.1007    2.0324    2.6217    2.5080    2.4322    2.3955    2.3849
       nan    1.8477    1.7953    2.1582    2.1051    2.4129    2.3582    2.3003    2.2434    2.1836
       nan    3.3951    3.2281    2.8885    2.6981    2.6252    2.4933    2.7098    2.8957    2.9075
       nan    2.3430    2.8471    2.5882    2.6211    2.6169    2.6982    2.6266    2.6132    2.6945
       nan    2.7424    2.8137    2.7526    2.9203    2.9694    2.9334    2.9175    2.9084    2.9133
       nan    2.6263    2.7746    2.8920    2.8693    2.8295    2.8333    2.8235    2.8543    2.8661
       nan    4.0150    3.8352    3.7892    3.8002    3.6843    3.6986    3.8657    3.9459    3.8376
       nan    4.8636    4.6186    4.6320    4.8872    4.7778    5.0212    4.8694    4.9651    4.8844
       nan    6.7999    7.3406    6.3853    6.3563    5.8362    5.6821    5.2929    6.0477    6.1016
       nan    7.0484    5.8473    5.4452    5.1878    5.3618    5.1973    5.4816    5.6940    5.5812
       nan    5.6292    6.1387    8.2833    7.7131    7.4280    7.0560    8.0202    7.7735    7.6176
       nan    5.1905    8.4245    9.0283    8.4197    9.0659    8.8807    8.6291    8.2544    8.5890
       nan    6.4055    7.0184    7.0183    6.4456    7.0841    6.7248    7.0283    6.7869    6.9994
       nan    7.3264   11.0681    9.2216    9.0526    8.7807    9.4079    9.9954    9.6139   10.0890
       nan   13.4571   15.2085   14.4109   15.3029   14.6068   14.2227   13.3895   13.4560   13.5897
       nan   14.3954   14.5954   12.8773   12.5432   12.9134   13.9255   15.2859   14.8105   15.0225
       nan   17.8253   12.5238   12.6782   13.5662   13.0253   13.5853   15.0023   15.3449   14.4193
       nan   15.4493   12.3876   14.7308   15.1828   14.9553   16.0380   16.2521   16.0431   15.5702
       nan   16.2785   16.3051   17.1683   17.0287   17.3498   16.8366   16.2543   15.8428   15.9676
       nan   16.2602   15.3978   17.2000   19.0296   18.9275   18.1468   18.2136   18.0253   17.6435
       nan   19.9647   23.0179   20.7860   19.4185   20.6025   20.6423   19.9092   19.8421   20.3892
       nan   22.5880   19.8560   20.4105   22.3077   23.3791   22.3315   22.2872   22.1677   21.6665
       nan   23.9578   25.6461   22.9333   21.6376   23.9103   22.5897   22.5571   22.7445   23.0994
       nan   22.4737   24.8744   26.0645   25.7315   24.7374   24.3599   24.0495   24.1861   24.2018
       nan   23.3615   24.9633   25.4576   25.6698   26.4419   26.0149   25.4536   25.4784   25.4672
       nan   25.6573   25.8591   26.6766   27.4080   27.3840   27.3049   28.1781   27.6841   27.6789
       nan   29.1798   30.0945   30.2639   29.4733   29.4978   29.1766   28.4715   28.7498   28.6398
       nan   23.0450   24.0530   26.7584   26.3723   26.7667   26.7036   26.3511   25.9094   25.9479
       nan   30.7178   28.3647   29.5075   29.1199   28.1988   28.3859   28.9475   29.2255   28.9605
       nan   30.0430   28.9402   28.5573   29.5624   29.2432   29.1076   29.8929   29.8638   29.9250
       nan   29.0707   30.3238   30.9559   30.5680   30.3982   30.9679   30.6757   30.5682   30.3178
       nan   28.8348   28.0183   29.4273   30.1062   29.9497   29.6478   29.8539   29.6069   29.4215
       nan   31.0736   29.6749   29.9932   29.7625   30.1756   30.3036   30.4295   30.6266   30.4041
       nan   30.6559   30.1922   29.9583   30.2925   30.2440   30.1430   30.0152   30.1033   30.0380
       nan   31.5312   29.9574   29.0147   29.0926   29.1495   28.5347   28.7929   29.1220   29.1764
       nan   28.5508   28.5293   29.2179   29.1910   29.3538   29.0944   28.9963   28.8801   28.8042
       nan   29.2638   29.0972   29.4220   29.9231   29.6339   29.5315   29.2023   29.2540   29.1760
       nan   27.4698   27.8002   27.6894   27.9764   28.0975   28.2458   28.3354   28.0633   27.9963
       nan   26.4420   26.3612   26.4840   26.7226   26.8271   26.7413   26.6865   26.6705   26.8700
       nan   26.4499   26.2423   26.4454   26.3169   26.3162   26.3106   26.0443   26.0505   26.0905
       nan   24.8093   24.1906   24.6081   24.5597   24.7567   25.0353   25.2139   25.2174   24.9876
       nan   24.4297   24.3891   24.0377   24.1182   24.0744   24.2841   24.4656   24.3929   24.3419
       nan   23.9421   24.1178   24.2042   23.5563   23.4552   23.4732   23.2659   23.3814   23.4936
       nan   22.2620   22.6453   22.0289   22.1090   22.1884   22.1989   22.1806   22.3139   22.5164
       nan   21.7923   22.1988   21.9660   21.8046   21.7436   21.8438   21.7823   21.8194   21.8298
       nan   20.6145   21.3694   21.2438   20.8976   20.6707   20.8936   20.8246   20.7630   20.7565
       nan   19.7190   18.9235   19.5512   19.2620   18.9725   18.9992   19.2802   19.2804   19.5238
       nan   20.6998   19.1291   18.6181   18.3459   18.5946   18.3681   18.3121   18.5350   18.7386
       nan   18.9100   18.4934   18.6942   18.4627   18.4863   18.2954   18.1721   18.1240   18.3704
       nan   16.8466   17.5526   17.4128   17.4811   17.4754   17.3840   17.4579   17.3310   17.3139
       nan   18.0892   17.3473   16.7482   16.3256   16.3735   16.2110   15.9621   15.9546   16.0865
       nan   15.5102   16.2212   15.9918   15.9848   15.9596   16.2289   16.0481   16.1101   16.0547
       nan   15.1714   14.3951   14.3642   14.9781   15.0820   15.2101   15.1169   15.0653   15.0722
       nan   15.7173   14.7528   14.4051   14.5790   14.4443   14.5596   14.5806   14.4512   14.5022
       nan   14.9665   13.5894   13.9544   14.1612   14.4099   14.2103   14.0977   14.1820   13.9786
       nan   13.7892   13.9097   13.8888   13.9811   14.0384   14.1237   14.1172   14.1584   14.1275
       nan   12.7513   13.6039   13.2393   13.3371   13.1886   13.1097   13.0156   12.9300   13.0288
       nan   11.7031   12.1797   12.0797   12.2360   12.1522   12.2336   12.3523   12.2563   12.2120
       nan   11.1359   11.4867   11.6613   11.6962   11.7947   11.9013   11.9615   11.9148   11.8699
       nan   12.7550   12.1333   11.8146   12.0584   12.0867   12.0021   11.8893   11.8878   11.9172
       nan   10.1915   10.5882   10.9736   11.0050   10.9509   10.9191   10.7998   10.7864   10.7483
       nan   11.1939   10.8883   10.8544   10.6833   10.8146   10.7781   10.6945   10.7189   10.6606
       nan   11.1510   10.6776   10.4740   10.5011   10.3898   10.3880   10.2685   10.2847   10.2693
       nan    9.1381    9.7801    9.4677    9.5975    9.6123    9.7030    9.6226    9.6563    9.7349
       nan    9.7162    9.6847    9.6765    9.6032    9.5874    9.7342    9.6110    9.5847    9.5740
       nan    9.2083    9.1376    9.2034    9.1552    9.0609    9.0360    9.1665    9.2144    9.2244
       nan    8.2910    8.7513    8.6591    8.5756    8.5991    8.6097    8.6164    8.6331    8.6636
       nan    8.5431    8.7512    8.5711    8.5223    8.5853    8.5735    8.4948    8.4491    8.4467
       nan    8.6791    8.1132    8.0684    8.1016    8.2064    8.2489    8.3367    8.2947    8.3066
       nan    8.8486    8.8043    8.5545    8.4605    8.3324    8.1732    8.2526    8.2212    8.1416
       nan    8.2179    8.2315    8.2008    8.1534    8.0590    8.0050    7.9547    7.9569    7.9184
       nan    8.0350    7.8514    7.7698    7.7912    7.7937    7.7295    7.7339    7.7282    7.7620
       nan    6.7718    7.1279    7.2731    7.3904    7.4613    7.4540    7.4336    7.3714    7.3019
       nan    6.7289    6.8139    7.0109    6.9637    6.8974    6.9573    6.9825    7.0758    7.0575
       nan    7.5833    7.2146    7.1135    7.0633    7.0205    6.9888    6.9856    6.9971    6.9753
       nan    6.7862    6.9479    7.0582    6.9199    6.9425    6.9076    6.8945    6.8866    6.8802
       nan    5.9103    6.4861    6.3656    6.3877    6.4427    6.4835    6.5337    6.5106    6.4895
       nan    6.6259    6.3474    6.2031    6.3609    6.2574    6.2517    6.2285    6.2871    6.3037
       nan    5.8769    6.1072    6.0740    6.0582    6.1195    6.1806    6.2077    6.1877    6.2645
       nan    5.9778    5.8213    6.0698    6.1229    6.0671    6.0528    5.9976    5.9523    5.9753
       nan    5.6839    5.6345    5.7855    5.8143    5.7802    5.8297    5.8280    5.8689    5.9023
       nan    5.8972    5.4477    5.5050    5.4817    5.4234    5.3745    5.4131    5.4413    5.4828
       nan    5.8240    5.5597    5.5164    5.5236    5.5717    5.5151    5.5324    5.5031    5.4930
       nan    5.0886    5.2195    5.2588    5.3220    5.3327    5.3210    5.3169    5.3568    5.3416
       nan    4.9525    5.1356    5.1554    5.1908    5.1589    5.1626    5.1633    5.1753    5.1682
       nan    5.7317    5.5683    5.4675    5.3426    5.2728    5.2071    5.1795    5.1920    5.1602
       nan    5.0592    4.9978    5.0796    5.1695    5.0828    5.0520    5.0237    5.0285    5.0564

      inf   0.1580   0.1186   0.1055   0.0989   0.0949   0.0923   0.0904   0.0890   0.0879
      inf   0.1610   0.1207   0.1073   0.1006   0.0965   0.0938   0.0919   0.0905   0.0894
      inf   0.1633   0.1225   0.1089   0.1021   0.0980   0.0953   0.0933   0.0919   0.0907
      inf   0.1658   0.1245   0.1106   0.1037   0.0995   0.0968   0.0948   0.0933   0.0922
      inf   0.1682   0.1263   0.1123   0.1052   0.1011   0.0983   0.0962   0.0947   0.0936
      inf   0.1711   0.1284   0.1142   0.1070   0.1027   0.0999   0.0978   0.0963   0.0951
      inf   0.1740   0.1304   0.1159   0.1087   0.1044   0.1015   0.0994   0.0979   0.0966
      inf   0.1768   0.1326   0.1178   0.1105   0.1061   0.1030   0.1009   0.0994   0.0982
      inf   0.1795   0.1346   0.1195   0.1121   0.1077   0.1047   0.1025   0.1009   0.0997
      inf   0.1819   0.1367   0.1216   0.1139   0.1094   0.1064   0.1042   0.1025   0.1013
      inf   0.1852   0.1389   0.1235   0.1158   0.1111   0.1080   0.1059   0.1042   0.1029
      inf   0.1885   0.1411   0.1254   0.1177   0.1130   0.1098   0.1076   0.1059   0.1046
      inf   0.1915   0.1437   0.1276   0.1196   0.1149   0.1115   0.1093   0.1076   0.1063
      inf   0.1940   0.1456   0.1294   0.1213   0.1165   0.1133   0.1109   0.1092   0.1079
      inf   0.1967   0.1477   0.1313   0.1232   0.1182   0.1150   0.1127   0.1109   0.1095
      inf   0.2005   0.1503   0.1337   0.1254   0.1203   0.1169   0.1145   0.1128   0.1114
      inf   0.2041   0.1527   0.1357   0.1273   0.1222   0.1188   0.1164   0.1146   0.1131
      inf   0.2072   0.1553   0.1380   0.1294   0.1242   0.1207   0.1182   0.1164   0.1149
      inf   0.2107   0.1579   0.1402   0.1313   0.1262   0.1226   0.1202   0.1183   0.1168
      inf   0.2131   0.1601   0.1423   0.1335   0.1281   0.1246   0.1220   0.1201   0.1186
      inf   0.2172   0.1628   0.1447   0.1356   0.1301   0.1265   0.1239   0.1220   0.1205
      inf   0.2202   0.1650   0.1467   0.1375   0.1321   0.1284   0.1258   0.1238   0.1223
      inf   0.2235   0.1677   0.1491   0.1398   0.1341   0.1305   0.1278   0.1258   0.1242
      inf   0.2277   0.1706   0.1516   0.1421   0.1365   0.1326   0.1299   0.1279   0.1263
      inf   0.2305   0.1731   0.1540   0.1444   0.1386   0.1347   0.1320   0.1299   0.1283
      inf   0.2349   0.1761   0.1565   0.1467   0.1407   0.1368   0.1340   0.1320   0.1303
      inf   0.2388   0.1789   0.1589   0.1490   0.1431   0.1391   0.1363   0.1341   0.1325
      inf   0.2421   0.1816   0.1615   0.1514   0.1454   0.1414   0.1384   0.1363   0.1346
      inf   0.2469   0.1851   0.1646   0.1542   0.1479   0.1437   0.1408   0.1386   0.1369
      inf   0.2507   0.1877   0.1669   0.1564   0.1502   0.1460   0.1431   0.1408   0.1390
      inf   0.2546   0.1907   0.1696   0.1590   0.1526   0.1483   0.1453   0.1431   0.1412
      inf   0.2584   0.1940   0.1725   0.1622   0.1555   0.1511   0.1480   0.1456   0.1439
      inf   0.2621   0.1964   0.1748   0.1639   0.1574   0.1531   0.1499   0.1476   0.1457
      inf   0.2670   0.2006   0.1782   0.1670   0.1605   0.1559   0.1526   0.1503   0.1485
      inf   0.2712   0.2031   0.1807   0.1694   0.1628   0.1583   0.1551   0.1526   0.1506
      inf   0.2778   0.2080   0.1847   0.1729   0.1659   0.1611   0.1580   0.1556   0.1537
      inf   0.2802   0.2107   0.1869   0.1753   0.1683   0.1638   0.1604   0.1579   0.1560
      inf   0.2852   0.2139   0.1903   0.1784   0.1713   0.1665   0.1631   0.1605   0.1585
      inf   0.2897   0.2175   0.1932   0.1812   0.1738   0.1689   0.1655   0.1629   0.1609
      inf   0.2966   0.2220   0.1972   0.1849   0.1774   0.1724   0.1691   0.1664   0.1643
      inf   0.3016   0.2261   0.2011   0.1886   0.1811   0.1758   0.1722   0.1696   0.1675
      inf   0.3071   0.2307   0.2049   0.1920   0.1840   0.1788   0.1749   0.1725   0.1704
      inf   0.3128   0.2341   0.2080   0.1948   0.1872   0.1819   0.1783   0.1755   0.1733
      inf   0.3171   0.2377   0.2118   0.1987   0.1907   0.1852   0.1816   0.1787   0.1764
      inf   0.3221   0.2421   0.2154   0.2017   0.1937   0.1883   0.1844   0.1815   0.1793
      inf   0.3284   0.2465   0.2192   0.2050   0.1969   0.1912   0.1875   0.1843   0.1822
      inf   0.3353   0.2516   0.2231   0.2093   0.2007   0.1955   0.1916   0.1886   0.1863
      inf   0.3413   0.2568   0.2282   0.2143   0.2054   0.1997   0.1955   0.1925   0.1901
      inf   0.3523   0.2633   0.2334   0.2183   0.2097   0.2040   0.2003   0.1969   0.1945
      inf   0.3591   0.2668   0.2368   0.2219   0.2130   0.2072   0.2032   0.2002   0.1974
      inf   0.3618   0.2709   0.2413   0.2262   0.2171   0.2113   0.2071   0.2037   0.2011
      inf   0.3673   0.2755   0.2452   0.2294   0.2205   0.2143   0.2099   0.2066   0.2039
      inf   0.3731   0.2795   0.2495   0.2346   0.2253   0.2189   0.2143   0.2107   0.2080
      inf   0.3830   0.2881   0.2556   0.2389   0.2296   0.2234   0.2185   0.2153   0.2128
      inf   0.3911   0.2921   0.2596   0.2441   0.2351   0.2281   0.2236   0.2200   0.2171
      inf   0.3949   0.2984   0.2640   0.2476   0.2389   0.2318   0.2272   0.2234   0.2209
      inf   0.4062   0.3049   0.2718   0.2540   0.2431   0.2365   0.2316   0.2282   0.2254
      inf   0.4121   0.3088   0.2752   0.2577   0.2478   0.2412   0.2360   0.2324   0.2294
      inf   0.4237   0.3168   0.2817   0.2645   0.2535   0.2459   0.2414   0.2376   0.2346
      inf   0.4298   0.3222   0.2856   0.2673   0.2572   0.2499   0.2447   0.2412   0.2382
      inf   0.4279   0.3223   0.2876   0.2699   0.2596   0.2523   0.2470   0.2428   0.2399
      inf   0.4428   0.3311   0.2947   0.2768   0.2654   0.2579   0.2528   0.2490   0.2458
      inf   0.4530   0.3389   0.3017   0.2826   0.2709   0.2631   0.2581   0.2539   0.2509
      inf   0.4572   0.3430   0.3050   0.2862   0.2744   0.2667   0.2615   0.2573   0.2541
      inf   0.4603   0.3455   0.3077   0.2893   0.2779   0.2700   0.2643   0.2599   0.2566
      inf   0.4726   0.3543   0.3146   0.2951   0.2836   0.2754   0.2693   0.2654   0.2622
      inf   0.4790   0.3595   0.3193   0.2992   0.2874   0.2794   0.2735   0.2693   0.2661
      inf   0.4834   0.3632   0.3239   0.3034   0.2914   0.2836   0.2777   0.2731   0.2698
      inf   0.4924   0.3696   0.3289   0.3082   0.2953   0.2868   0.2809   0.2766   0.2734
      inf   0.4990   0.3744   0.3331   0.3120   0.2993   0.2910   0.2849   0.2806   0.2773
      inf   0.5018   0.3779   0.3356   0.3147   0.3024   0.2940   0.2881   0.2836   0.2803
      inf   0.5102   0.3827   0.3409   0.3195   0.3069   0.2987   0.2926   0.2879   0.2843
      inf   0.5154   0.3859   0.3436   0.3227   0.3097   0.3015   0.2955   0.2908   0.2873
      inf   0.5244   0.3946   0.3502   0.3283   0.3153   0.3062   0.2996   0.2950   0.2917
      inf   0.5295   0.3968   0.3527   0.3309   0.3178   0.3086   0.3022   0.2975   0.2938
      inf   0.5301   0.3984   0.3547   0.3330   0.3198   0.3111   0.3050   0.3000   0.2965
      inf   0.5388   0.4045   0.3605   0.3378   0.3243   0.3155   0.3090   0.3039   0.3002
      inf   0.5476   0.4094   0.3639   0.3413   0.3275   0.3184   0.3121   0.3072   0.3033
      inf   0.5516   0.4128   0.3670   0.3443   0.3306   0.3212   0.3148   0.3099   0.3061
      inf   0.5563   0.4178   0.3709   0.3478   0.3341   0.3247   0.3179   0.3130   0.3089
      inf   0.5605   0.4209   0.3743   0.3511   0.3370   0.3277   0.3210   0.3158   0.3117
      inf   0.5668   0.4251   0.3776   0.3540   0.3395   0.3302   0.3235   0.3184   0.3142
      inf   0.5724   0.4283   0.3808   0.3568   0.3424   0.3330   0.3262   0.3213   0.3172
      inf   0.5737   0.4307   0.3830   0.3594   0.3450   0.3355   0.3288   0.3237   0.3198
      inf   0.5802   0.4347   0.3864   0.3622   0.3477   0.3380   0.3312   0.3260   0.3219
      inf   0.5851   0.4392   0.3906   0.3660   0.3513   0.3414   0.3344   0.3291   0.3251
      inf   0.5881   0.4415   0.3928   0.3683   0.3535   0.3435   0.3365   0.3315   0.3273
      inf   0.5928   0.4451   0.3957   0.3708   0.3558   0.3462   0.3390   0.3337   0.3297
      inf   0.5969   0.4480   0.3984   0.3734   0.3583   0.3482   0.3411   0.3358   0.3317
      inf   0.6021   0.4511   0.4010   0.3760   0.3611   0.3510   0.3440   0.3387   0.3344
      inf   0.6057   0.4543   0.4040   0.3787   0.3636   0.3536   0.3464   0.3410   0.3369
      inf   0.6118   0.4587   0.4074   0.3819   0.3666   0.3564   0.3491   0.3436   0.3395
      inf   0.6144   0.4608   0.4097   0.3838   0.3684   0.3581   0.3509   0.3454   0.3411
      inf   0.6198   0.4645   0.4127   0.3869   0.3714   0.3611   0.3538   0.3483   0.3439
      inf   0.6227   0.4672   0.4152   0.3892   0.3737   0.3634   0.3560   0.3505   0.3462
      inf   0.6264   0.4701   0.4178   0.3917   0.3761   0.3658   0.3584   0.3528   0.3484
      inf   0.6312   0.4733   0.4209   0.3946   0.3788   0.3683   0.3608   0.3550   0.3506
      inf   0.6341   0.4757   0.4229   0.3967   0.3808   0.3700   0.3626   0.3569   0.3525
      inf   0.6397   0.4795   0.4262   0.3995   0.3834   0.3728   0.3651   0.3594   0.3550
      inf   0.6427   0.4820   0.4286   0.4019   0.3858   0.3751   0.3674   0.3617   0.3572
      inf   0.6465   0.4847   0.4309   0.4040   0.3878   0.3771   0.3695   0.3637   0.3593
      inf   0.6491   0.4876   0.4334   0.4063   0.3899   0.3791   0.3714   0.3656   0.3610
      inf   0.6533   0.4897   0.4355   0.4085   0.3921   0.3813   0.3734   0.3676   0.3631
      inf   0.6571   0.4929   0.4380   0.4106   0.3942   0.3833   0.3755   0.3696   0.3651
      inf   0.6616   0.4960   0.4409   0.4132   0.3967   0.3857   0.3777   0.3719   0.3674
      inf   0.6646   0.4985   0.4431   0.4153   0.3987   0.3876   0.3797   0.3738   0.3693
      inf   0.6685   0.5016   0.4458   0.4178   0.4011   0.3900   0.3820   0.3759   0.3713
      inf   0.6717   0.5036   0.4476   0.4198   0.4031   0.3919   0.3839   0.3779   0.3732
      inf   0.6756   0.5064   0.4501   0.4221   0.4051   0.3939   0.3858   0.3798   0.3751
      inf   0.6792   0.5095   0.4530   0.4244   0.4074   0.3961   0.3879   0.3819   0.3772
      inf   0.6823   0.5118   0.4552   0.4267   0.4097   0.3983   0.3902   0.3840   0.3793
      inf   0.6865   0.5146   0.4574   0.4288   0.4116   0.4001   0.3920   0.3858   0.3810
      inf   0.6891   0.5171   0.4594   0.4308   0.4135   0.4020   0.3939   0.3878   0.3830
      inf   0.6926   0.5194   0.4616   0.4329   0.4156   0.4040   0.3958   0.3895   0.3847
      inf   0.6959   0.5222   0.4640   0.4350   0.4177   0.4061   0.3978   0.3916   0.3867
      inf   0.6995   0.5248   0.4664   0.4373   0.4198   0.4081   0.3998   0.3935   0.3887
      inf   0.7034   0.5274   0.4689   0.4395   0.4218   0.4100   0.4017   0.3954   0.3905
      inf   0.7062   0.5296   0.4706   0.4412   0.4237   0.4119   0.4035   0.3972   0.3923
      inf   0.7089   0.5316   0.4725   0.4430   0.4254   0.4137   0.4051   0.3988   0.3939
      inf   0.7123   0.5343   0.4748   0.4451   0.4274   0.4156   0.4071   0.4007   0.3957

