ARMA_MAT_TXT_FN008
100 1
   4.50285785794227e+03
   3.86228812419537e+04
   1.24182319231926e+04
   2.34048711144482e+04
   4.72211588727865e+02
   3.66077596552963e+04
   9.11591634487956e+03
   2.87176883695077e+04
   1.86654797645856e+03
   3.99129869593808e+04
   1.90671921922518e+04
   3.14006451642761e+04
   3.39224034470408e+03
   3.46811705751896e+04
   1.29974710161724e+04
   2.70025289838281e+04
   3.86880573281128e+01
   3.93839799839938e+04
   1.59838585428858e+04
   3.28822082290084e+04
   1.37711875804683e+03
   3.81334520235418e+04
   6.64823719567699e+03
   2.15536769457803e+04
   5.74832071704993e+03
   3.96527049644458e+04
   1.78269569982908e+04
   3.03569924979668e+04
   7.78581192025516e+02
   3.58828330168955e+04
   9.64300750203356e+03
   2.46235264422996e+04
   2.73156590206676e+03
   3.90402621506549e+04
   1.53764735577008e+04
   3.38084004114353e+04
   1.54602552734471e+02
   3.72684340979337e+04
   1.07267293602935e+04
   2.09328078077485e+04
   2.13769967626419e+03
   3.99613119426725e+04
   1.96889637615932e+04
   2.98198816194669e+04
   2.41391205184869e+02
   3.42516792829507e+04
   7.59980905078459e+03
   2.58242942445452e+04
   4.11716698310496e+03
   3.99903256458403e+04
   1.41757057554551e+04
   3.19061772855335e+04
   9.59737849345413e+02
   3.78623003237363e+04
   8.59935483572447e+03
   2.27903067788787e+04
   3.05370590084449e+03
   3.92214188079751e+04
   1.72096932211218e+04
   2.75817680768078e+04
   3.47295035554729e+02
   3.54971421420582e+04
   6.19159958856512e+03
   2.64165153963075e+04
   4.90354121693494e+03
   3.97586087948157e+04
   1.35834846036928e+04
   2.92732706397069e+04
   9.67435416023830e+00
   3.69462940991560e+04
   1.12823116304927e+04
   2.21730430017098e+04
   1.61293922035529e+03
   3.98453974472659e+04
   1.47735615357429e+04
   3.24001909492160e+04
   8.70130406196288e+01
   3.75738680019857e+04
   7.11779177099213e+03
   2.52264384642574e+04
   3.74684172343503e+03
   3.83870607796452e+04
   1.84463230542200e+04
   3.08840836551208e+04
   1.15931473060023e+03
   3.50964587830655e+04
   8.09382271446673e+03
   2.81536722988341e+04
   5.31882942481085e+03
   3.95277884112725e+04
   1.18463277011663e+04
   2.03110362384072e+04
   6.16020016006685e+02
   3.88406852694003e+04
   1.01801183805337e+04
   3.33517628043234e+04
   2.42613199801465e+03
   3.62531582765652e+04
   1.65951288855523e+04
   2.40161414571148e+04
