ARMA_MAT_TXT_FN008
100 1
   1.41159469310063e+02
   4.87320953579450e+02
   3.08063856503280e+01
   6.02209007159249e+02
   6.98998538499916e+00
   3.29417542377019e+02
   2.62175648426704e+02
   5.49260517625671e+02
   8.75729408619100e+01
   4.34312136571890e+02
   1.81238512320557e+02
   6.10953658129930e+02
   2.99799855711190e+00
   4.61378190383586e+02
   2.16077933700551e+02
   6.24066942563397e+02
   5.04783948633294e+01
   3.87363429704178e+02
   1.12535185498988e+02
   5.75306454821902e+02
   3.86931773806320e+01
   5.34911095914371e+02
   3.00381409638650e+02
   6.18345260257445e+02
   1.49546621461577e+01
   3.58496894808212e+02
   1.56668530731366e+02
   5.86874506203484e+02
   1.09755451283211e+01
   5.03876471333397e+02
   2.34231204892080e+02
   6.26467781631286e+02
   7.16622110413551e+01
   3.39118515106518e+02
   1.26425744485293e+02
   5.92264919208653e+02
   4.65542309177987e+01
   4.43444231081313e+02
   2.81174387135208e+02
   6.32531655926615e+02
   1.89273206701268e+01
   4.06363823557844e+02
   1.98390080140698e+02
   5.62746730309413e+02
   2.28935048026630e+01
   5.19761698337090e+02
   2.43459875729478e+02
   6.21441538738707e+02
   7.66718412350440e+01
   3.77780654070929e+02
   1.19370760742241e+02
   5.56115463050652e+02
   9.95583462214177e+01
   4.95678341332375e+02
   3.10039502278801e+02
   6.36351164589514e+02
   2.68531985153385e+01
   4.15762799523200e+02
   1.48821285396016e+02
   6.14832617799629e+02
   6.25616385023186e+01
   4.78812751329082e+02
   2.71644296522781e+02
   6.45655061969306e+02
   3.47530500145903e+01
   3.68155333077006e+02
   1.72885623587722e+02
   5.81218669749530e+02
   4.26267851376968e+01
   5.27432413673472e+02
   2.25100872029733e+02
   6.06738811929722e+02
   8.19802025394204e+01
   4.52469226467834e+02
   2.07171369780660e+02
   6.51306561086293e+02
   1.05927936228405e+02
   5.11907003381948e+02
   3.19721373826011e+02
   6.57856505878682e+02
   5.44143309280230e+01
   3.96894268555274e+02
   1.64692793717023e+02
   5.97380089078464e+02
   9.34363821956769e+01
   5.69146402059893e+02
   3.48814796195782e+02
   6.40706265417487e+02
   5.84111524809777e+01
   4.25081960450182e+02
   2.52777755624730e+02
   6.65693722125414e+02
   1.33691481194723e+02
   5.42189769037931e+02
   2.90756559041708e+02
   6.75834423835406e+02
   6.69616084532195e+01
   6.29231319878340e+02
   1.89742882575780e+02
   4.70162280942010e+02
