ARMA_MAT_TXT_FN008
100 1
   4.31686266481554e+02
   1.51382757853165e+02
   5.55317410971933e+02
   2.21201264780095e+01
   6.20101051204392e+02
   2.98655216839536e+02
   5.06953950412757e+02
   7.10298510361135e+01
   6.13409200344158e+02
   1.85817832373724e+02
   3.66429892534209e+02
   5.94004243135295e+00
   5.77939183753260e+02
   2.50475619024240e+02
   4.83272966982980e+02
   3.85454413257398e+01
   5.35869784288887e+02
   1.27168870493320e+02
   3.94889382171282e+02
   1.55758670113676e+01
   6.25242935078059e+02
   2.69630656724119e+02
   4.49431628129470e+02
   5.36605026539846e+01
   6.00414782983953e+02
   9.74334324056008e+01
   3.37506374305798e+02
   2.97861572815933e+01
   6.07483481511709e+02
   2.12965512792622e+02
   4.99237898613904e+02
   1.77682883780721e+00
   5.67120239445882e+02
   1.68320319255090e+02
   4.13482029724189e+02
   9.63735061865418e-01
   6.23065588396075e+02
   3.08370535847982e+02
   4.66649417099817e+02
   8.37884386729295e+01
   5.87732068619957e+02
   1.11912204949202e+02
   3.56827910032472e+02
   4.33248649916028e+01
   6.24800352322346e+02
   2.22220229486201e+02
   5.21815851311396e+02
   1.01767694434248e+01
   5.49061243772523e+02
   1.59777398970709e+02
   3.85469840830005e+02
   4.26061206270217e+00
   6.15935541596922e+02
   2.79275904125986e+02
   4.40620644836741e+02
   6.49984613553761e+01
   5.92231610308593e+02
   1.19446915179310e+02
   3.18090436570466e+02
   5.92068228308691e+01
   6.21734856963428e+02
   2.40984355839142e+02
   5.28947295506963e+02
   1.87061851955653e+01
   5.72655422115600e+02
   1.94755510470512e+02
   3.75980283285987e+02
   4.18001031770316e-01
   6.04090312886497e+02
   2.60027465495022e+02
   4.91341687619405e+02
   9.05033450462669e+01
   6.18167055289152e+02
   1.43144508862422e+02
   3.27805515715148e+02
   3.40311101609142e+01
   5.82966370225104e+02
   2.03807654733142e+02
   4.75039552171419e+02
   7.91233107777478e+00
   5.42576603052262e+02
   1.04572015399508e+02
   4.22637141729574e+02
   1.27319330097952e+01
   6.10590847630008e+02
   2.31562855456825e+02
   4.58110686499699e+02
   4.83648250785863e+01
   6.24089574181819e+02
   1.77003261512778e+02
   4.04229791646394e+02
   7.72951881184020e+01
   5.61339027406367e+02
   2.88953878054786e+02
   3.47183626773353e+02
   2.87365280537322e+00
   5.96460573204742e+02
   2.58145898293505e+01
   5.14482366662828e+02
   1.35070612795943e+02
